{
 "cells": [
  {
   "cell_type": "code",
   "execution_count": 47,
   "id": "95bf8c20",
   "metadata": {
    "ExecuteTime": {
     "end_time": "2024-08-19T13:16:12.230108Z",
     "start_time": "2024-08-19T13:16:12.226203Z"
    }
   },
   "outputs": [],
   "source": [
    "import pickle\n",
    "import numpy as np\n",
    "import fun_dual as f\n",
    "from itertools import permutations\n",
    "from sympy import Matrix\n",
    "from IPython.display import display"
   ]
  },
  {
   "cell_type": "markdown",
   "id": "b4b72833",
   "metadata": {},
   "source": [
    "# Print solution $Y^{(a,k)}$, $C_i$ and $Q_i$ of the SDP from Eq. (150)\n"
   ]
  },
  {
   "cell_type": "code",
   "execution_count": 48,
   "id": "401d646d",
   "metadata": {
    "ExecuteTime": {
     "end_time": "2024-08-19T13:16:26.633137Z",
     "start_time": "2024-08-19T13:16:12.231951Z"
    }
   },
   "outputs": [
    {
     "name": "stdout",
     "output_type": "stream",
     "text": [
      "Y^(0,0)=\n"
     ]
    },
    {
     "data": {
      "text/plain": "Matrix([\n[2526.0,  -28.0, -114.0, 148.0, -38.0,  -76.0, -450.0, -764.0, -988.0, -531.0, -491.0],\n[ -28.0,  311.0,  -18.0, -79.0,   5.0, -190.0,  -50.0,  -21.0,  182.0,  524.0, -346.0],\n[-114.0,  -18.0,   55.0, -34.0, -45.0,   -6.0,   30.0,   45.0,   38.0,   12.0, -276.0],\n[ 148.0,  -79.0,  -34.0, 126.0,  22.0,  108.0,  -76.0,  -60.0,   17.0,   91.0,  322.0],\n[ -38.0,    5.0,  -45.0,  22.0,  68.0,   16.0,   -2.0,   -7.0,   -1.0,   62.0,  450.0],\n[ -76.0, -190.0,   -6.0, 108.0,  16.0,  175.0,   -3.0,   34.0,   22.0, -164.0,  353.0],\n[-450.0,  -50.0,   30.0, -76.0,  -2.0,   -3.0,  151.0,  149.0,   20.0, -201.0,  124.0],\n[-764.0,  -21.0,   45.0, -60.0,  -7.0,   34.0,  149.0,  273.0,  302.0, -123.0, -236.0],\n[-988.0,  182.0,   38.0,  17.0,  -1.0,   22.0,   20.0,  302.0,  812.0,  719.0, -554.0],\n[-531.0,  524.0,   12.0,  91.0,  62.0, -164.0, -201.0, -123.0,  719.0, 3074.0, 1295.0],\n[-491.0, -346.0, -276.0, 322.0, 450.0,  353.0,  124.0, -236.0, -554.0, 1295.0, 7531.0]])",
      "text/latex": "$\\displaystyle \\left[\\begin{array}{ccccccccccc}2526.0 & -28.0 & -114.0 & 148.0 & -38.0 & -76.0 & -450.0 & -764.0 & -988.0 & -531.0 & -491.0\\\\-28.0 & 311.0 & -18.0 & -79.0 & 5.0 & -190.0 & -50.0 & -21.0 & 182.0 & 524.0 & -346.0\\\\-114.0 & -18.0 & 55.0 & -34.0 & -45.0 & -6.0 & 30.0 & 45.0 & 38.0 & 12.0 & -276.0\\\\148.0 & -79.0 & -34.0 & 126.0 & 22.0 & 108.0 & -76.0 & -60.0 & 17.0 & 91.0 & 322.0\\\\-38.0 & 5.0 & -45.0 & 22.0 & 68.0 & 16.0 & -2.0 & -7.0 & -1.0 & 62.0 & 450.0\\\\-76.0 & -190.0 & -6.0 & 108.0 & 16.0 & 175.0 & -3.0 & 34.0 & 22.0 & -164.0 & 353.0\\\\-450.0 & -50.0 & 30.0 & -76.0 & -2.0 & -3.0 & 151.0 & 149.0 & 20.0 & -201.0 & 124.0\\\\-764.0 & -21.0 & 45.0 & -60.0 & -7.0 & 34.0 & 149.0 & 273.0 & 302.0 & -123.0 & -236.0\\\\-988.0 & 182.0 & 38.0 & 17.0 & -1.0 & 22.0 & 20.0 & 302.0 & 812.0 & 719.0 & -554.0\\\\-531.0 & 524.0 & 12.0 & 91.0 & 62.0 & -164.0 & -201.0 & -123.0 & 719.0 & 3074.0 & 1295.0\\\\-491.0 & -346.0 & -276.0 & 322.0 & 450.0 & 353.0 & 124.0 & -236.0 & -554.0 & 1295.0 & 7531.0\\end{array}\\right]$"
     },
     "metadata": {},
     "output_type": "display_data"
    },
    {
     "name": "stdout",
     "output_type": "stream",
     "text": [
      "Y^(0,1)=\n"
     ]
    },
    {
     "data": {
      "text/plain": "Matrix([\n[17579.0, -1978.0, -1485.0, -418.0,   257.0, 4649.0,  8682.0, 13697.0, 21228.0],\n[-1978.0,   695.0,  -205.0,   -6.0,   135.0, -162.0, -1113.0, -1441.0, -2003.0],\n[-1485.0,  -205.0,   687.0,    3.0,   144.0, -755.0,  -718.0,  -858.0, -1940.0],\n[ -418.0,    -6.0,     3.0,  177.0,  -311.0, -286.0,  -403.0,  -589.0,   468.0],\n[  257.0,   135.0,   144.0, -311.0,  1353.0,  169.0,  1108.0,  1554.0, -1972.0],\n[ 4649.0,  -162.0,  -755.0, -286.0,   169.0, 2267.0,  2888.0,  4401.0,  4263.0],\n[ 8682.0, -1113.0,  -718.0, -403.0,  1108.0, 2888.0,  6885.0,  8534.0,  6529.0],\n[13697.0, -1441.0,  -858.0, -589.0,  1554.0, 4401.0,  8534.0, 14864.0, 16950.0],\n[21228.0, -2003.0, -1940.0,  468.0, -1972.0, 4263.0,  6529.0, 16950.0, 51159.0]])",
      "text/latex": "$\\displaystyle \\left[\\begin{matrix}17579.0 & -1978.0 & -1485.0 & -418.0 & 257.0 & 4649.0 & 8682.0 & 13697.0 & 21228.0\\\\-1978.0 & 695.0 & -205.0 & -6.0 & 135.0 & -162.0 & -1113.0 & -1441.0 & -2003.0\\\\-1485.0 & -205.0 & 687.0 & 3.0 & 144.0 & -755.0 & -718.0 & -858.0 & -1940.0\\\\-418.0 & -6.0 & 3.0 & 177.0 & -311.0 & -286.0 & -403.0 & -589.0 & 468.0\\\\257.0 & 135.0 & 144.0 & -311.0 & 1353.0 & 169.0 & 1108.0 & 1554.0 & -1972.0\\\\4649.0 & -162.0 & -755.0 & -286.0 & 169.0 & 2267.0 & 2888.0 & 4401.0 & 4263.0\\\\8682.0 & -1113.0 & -718.0 & -403.0 & 1108.0 & 2888.0 & 6885.0 & 8534.0 & 6529.0\\\\13697.0 & -1441.0 & -858.0 & -589.0 & 1554.0 & 4401.0 & 8534.0 & 14864.0 & 16950.0\\\\21228.0 & -2003.0 & -1940.0 & 468.0 & -1972.0 & 4263.0 & 6529.0 & 16950.0 & 51159.0\\end{matrix}\\right]$"
     },
     "metadata": {},
     "output_type": "display_data"
    },
    {
     "name": "stdout",
     "output_type": "stream",
     "text": [
      "Y^(0,2)=\n"
     ]
    },
    {
     "data": {
      "text/plain": "Matrix([\n[13514.0,  2190.0, -1094.0,  -332.0, -2618.0, -5396.0,  1995.0],\n[ 2190.0,  5595.0, -1596.0, -1849.0,  -995.0, -1695.0, -3394.0],\n[-1094.0, -1596.0,  2933.0,  1741.0,  4262.0,  6778.0,  2106.0],\n[ -332.0, -1849.0,  1741.0,  4663.0,  4132.0,  5348.0, -1432.0],\n[-2618.0,  -995.0,  4262.0,  4132.0,  9485.0, 14440.0, -1147.0],\n[-5396.0, -1695.0,  6778.0,  5348.0, 14440.0, 22654.0,   377.0],\n[ 1995.0, -3394.0,  2106.0, -1432.0, -1147.0,   377.0, 25237.0]])",
      "text/latex": "$\\displaystyle \\left[\\begin{matrix}13514.0 & 2190.0 & -1094.0 & -332.0 & -2618.0 & -5396.0 & 1995.0\\\\2190.0 & 5595.0 & -1596.0 & -1849.0 & -995.0 & -1695.0 & -3394.0\\\\-1094.0 & -1596.0 & 2933.0 & 1741.0 & 4262.0 & 6778.0 & 2106.0\\\\-332.0 & -1849.0 & 1741.0 & 4663.0 & 4132.0 & 5348.0 & -1432.0\\\\-2618.0 & -995.0 & 4262.0 & 4132.0 & 9485.0 & 14440.0 & -1147.0\\\\-5396.0 & -1695.0 & 6778.0 & 5348.0 & 14440.0 & 22654.0 & 377.0\\\\1995.0 & -3394.0 & 2106.0 & -1432.0 & -1147.0 & 377.0 & 25237.0\\end{matrix}\\right]$"
     },
     "metadata": {},
     "output_type": "display_data"
    },
    {
     "name": "stdout",
     "output_type": "stream",
     "text": [
      "Y^(0,3)=\n"
     ]
    },
    {
     "data": {
      "text/plain": "Matrix([\n[ 17284.0, -8014.0, -3629.0, -7068.0, -11095.0],\n[ -8014.0, 13179.0,  5239.0,  5701.0,  11339.0],\n[ -3629.0,  5239.0,  6049.0,  -106.0,   7640.0],\n[ -7068.0,  5701.0,  -106.0, 26329.0,  17766.0],\n[-11095.0, 11339.0,  7640.0, 17766.0,  25353.0]])",
      "text/latex": "$\\displaystyle \\left[\\begin{matrix}17284.0 & -8014.0 & -3629.0 & -7068.0 & -11095.0\\\\-8014.0 & 13179.0 & 5239.0 & 5701.0 & 11339.0\\\\-3629.0 & 5239.0 & 6049.0 & -106.0 & 7640.0\\\\-7068.0 & 5701.0 & -106.0 & 26329.0 & 17766.0\\\\-11095.0 & 11339.0 & 7640.0 & 17766.0 & 25353.0\\end{matrix}\\right]$"
     },
     "metadata": {},
     "output_type": "display_data"
    },
    {
     "name": "stdout",
     "output_type": "stream",
     "text": [
      "Y^(0,4)=\n"
     ]
    },
    {
     "data": {
      "text/plain": "Matrix([\n[36562.0,  123.0, -1153.0],\n[  123.0, 1960.0,   175.0],\n[-1153.0,  175.0,  1139.0]])",
      "text/latex": "$\\displaystyle \\left[\\begin{matrix}36562.0 & 123.0 & -1153.0\\\\123.0 & 1960.0 & 175.0\\\\-1153.0 & 175.0 & 1139.0\\end{matrix}\\right]$"
     },
     "metadata": {},
     "output_type": "display_data"
    },
    {
     "name": "stdout",
     "output_type": "stream",
     "text": [
      "Y^(0,5)=\n"
     ]
    },
    {
     "data": {
      "text/plain": "Matrix([[4681.4382098074]])",
      "text/latex": "$\\displaystyle \\left[\\begin{matrix}4681.4382098074\\end{matrix}\\right]$"
     },
     "metadata": {},
     "output_type": "display_data"
    },
    {
     "name": "stdout",
     "output_type": "stream",
     "text": [
      "Y^(1,1)=\n"
     ]
    },
    {
     "data": {
      "text/plain": "Matrix([\n[ 22627.0,  466.0, -635.0, -692.0, -1972.0, -4374.0, -8637.0, -10360.0, -16789.0, -13872.0],\n[   466.0,  157.0,  -91.0,   43.0,    -6.0,  -176.0,  -300.0,   -612.0,   -645.0,    459.0],\n[  -635.0,  -91.0,  245.0,   -8.0,    85.0,   135.0,   227.0,    130.0,    247.0,    123.0],\n[  -692.0,   43.0,   -8.0,  286.0,   103.0,    68.0,   147.0,   -248.0,    434.0,   3488.0],\n[ -1972.0,   -6.0,   85.0,  103.0,   505.0,   294.0,   592.0,    256.0,   1431.0,   3187.0],\n[ -4374.0, -176.0,  135.0,   68.0,   294.0,   966.0,  1829.0,   2483.0,   3317.0,   1252.0],\n[ -8637.0, -300.0,  227.0,  147.0,   592.0,  1829.0,  3703.0,   4448.0,   6366.0,   1531.0],\n[-10360.0, -612.0,  130.0, -248.0,   256.0,  2483.0,  4448.0,   9869.0,  11957.0,   3628.0],\n[-16789.0, -645.0,  247.0,  434.0,  1431.0,  3317.0,  6366.0,  11957.0,  19661.0,  20893.0],\n[-13872.0,  459.0,  123.0, 3488.0,  3187.0,  1252.0,  1531.0,   3628.0,  20893.0,  82473.0]])",
      "text/latex": "$\\displaystyle \\left[\\begin{matrix}22627.0 & 466.0 & -635.0 & -692.0 & -1972.0 & -4374.0 & -8637.0 & -10360.0 & -16789.0 & -13872.0\\\\466.0 & 157.0 & -91.0 & 43.0 & -6.0 & -176.0 & -300.0 & -612.0 & -645.0 & 459.0\\\\-635.0 & -91.0 & 245.0 & -8.0 & 85.0 & 135.0 & 227.0 & 130.0 & 247.0 & 123.0\\\\-692.0 & 43.0 & -8.0 & 286.0 & 103.0 & 68.0 & 147.0 & -248.0 & 434.0 & 3488.0\\\\-1972.0 & -6.0 & 85.0 & 103.0 & 505.0 & 294.0 & 592.0 & 256.0 & 1431.0 & 3187.0\\\\-4374.0 & -176.0 & 135.0 & 68.0 & 294.0 & 966.0 & 1829.0 & 2483.0 & 3317.0 & 1252.0\\\\-8637.0 & -300.0 & 227.0 & 147.0 & 592.0 & 1829.0 & 3703.0 & 4448.0 & 6366.0 & 1531.0\\\\-10360.0 & -612.0 & 130.0 & -248.0 & 256.0 & 2483.0 & 4448.0 & 9869.0 & 11957.0 & 3628.0\\\\-16789.0 & -645.0 & 247.0 & 434.0 & 1431.0 & 3317.0 & 6366.0 & 11957.0 & 19661.0 & 20893.0\\\\-13872.0 & 459.0 & 123.0 & 3488.0 & 3187.0 & 1252.0 & 1531.0 & 3628.0 & 20893.0 & 82473.0\\end{matrix}\\right]$"
     },
     "metadata": {},
     "output_type": "display_data"
    },
    {
     "name": "stdout",
     "output_type": "stream",
     "text": [
      "Y^(1,2)=\n"
     ]
    },
    {
     "data": {
      "text/plain": "Matrix([\n[47028.0, 14329.0, 6577.0, 10059.0, 27143.0, 27298.0, 15224.0, 11701.0],\n[14329.0,  9953.0, 3110.0,  3207.0,  7875.0,  8395.0,  6094.0,  4602.0],\n[ 6577.0,  3110.0, 6348.0,  3547.0,  7711.0,  8710.0,  6719.0,  2699.0],\n[10059.0,  3207.0, 3547.0,  4380.0,  7996.0,  9047.0,  6625.0,   349.0],\n[27143.0,  7875.0, 7711.0,  7996.0, 19881.0, 20678.0, 12421.0,  6454.0],\n[27298.0,  8395.0, 8710.0,  9047.0, 20678.0, 22142.0, 14462.0,  5831.0],\n[15224.0,  6094.0, 6719.0,  6625.0, 12421.0, 14462.0, 11930.0,  3572.0],\n[11701.0,  4602.0, 2699.0,   349.0,  6454.0,  5831.0,  3572.0, 14145.0]])",
      "text/latex": "$\\displaystyle \\left[\\begin{matrix}47028.0 & 14329.0 & 6577.0 & 10059.0 & 27143.0 & 27298.0 & 15224.0 & 11701.0\\\\14329.0 & 9953.0 & 3110.0 & 3207.0 & 7875.0 & 8395.0 & 6094.0 & 4602.0\\\\6577.0 & 3110.0 & 6348.0 & 3547.0 & 7711.0 & 8710.0 & 6719.0 & 2699.0\\\\10059.0 & 3207.0 & 3547.0 & 4380.0 & 7996.0 & 9047.0 & 6625.0 & 349.0\\\\27143.0 & 7875.0 & 7711.0 & 7996.0 & 19881.0 & 20678.0 & 12421.0 & 6454.0\\\\27298.0 & 8395.0 & 8710.0 & 9047.0 & 20678.0 & 22142.0 & 14462.0 & 5831.0\\\\15224.0 & 6094.0 & 6719.0 & 6625.0 & 12421.0 & 14462.0 & 11930.0 & 3572.0\\\\11701.0 & 4602.0 & 2699.0 & 349.0 & 6454.0 & 5831.0 & 3572.0 & 14145.0\\end{matrix}\\right]$"
     },
     "metadata": {},
     "output_type": "display_data"
    },
    {
     "name": "stdout",
     "output_type": "stream",
     "text": [
      "Y^(1,3)=\n"
     ]
    },
    {
     "data": {
      "text/plain": "Matrix([\n[         23052.0,            8853.0,           5464.0,            2897.0,  13981.3854575496,  4915.70705989585],\n[          8853.0,           32549.0,           5143.0, -3228.84868085506,  7926.24828780523, -12164.6265107246],\n[          5464.0,            5143.0,           3142.0,  1574.96310764897,  9593.12898079853,  2725.25192907744],\n[          2897.0, -3228.84868085506, 1574.96310764897,  16061.4658202743,   -1859.257453645,  35479.3953564433],\n[13981.3854575496,  7926.24828780523, 9593.12898079853,   -1859.257453645,  59088.3020224895, -4280.05528767325],\n[4915.70705989585, -12164.6265107246, 2725.25192907744,  35479.3953564433, -4280.05528767325,  80070.5156612199]])",
      "text/latex": "$\\displaystyle \\left[\\begin{matrix}23052.0 & 8853.0 & 5464.0 & 2897.0 & 13981.3854575496 & 4915.70705989585\\\\8853.0 & 32549.0 & 5143.0 & -3228.84868085506 & 7926.24828780523 & -12164.6265107246\\\\5464.0 & 5143.0 & 3142.0 & 1574.96310764897 & 9593.12898079853 & 2725.25192907744\\\\2897.0 & -3228.84868085506 & 1574.96310764897 & 16061.4658202743 & -1859.257453645 & 35479.3953564433\\\\13981.3854575496 & 7926.24828780523 & 9593.12898079853 & -1859.257453645 & 59088.3020224895 & -4280.05528767325\\\\4915.70705989585 & -12164.6265107246 & 2725.25192907744 & 35479.3953564433 & -4280.05528767325 & 80070.5156612199\\end{matrix}\\right]$"
     },
     "metadata": {},
     "output_type": "display_data"
    },
    {
     "name": "stdout",
     "output_type": "stream",
     "text": [
      "Y^(1,4)=\n"
     ]
    },
    {
     "data": {
      "text/plain": "Matrix([\n[  4176.1938604383,  98.6013291036239,  35.0097833602915, -30.8636581063549],\n[ 98.6013291036239,  1947.80941141792, -73.7299468190306,  84.2526829651266],\n[ 35.0097833602915, -73.7299468190306,  115.454690374859, -58.6849083438824],\n[-30.8636581063549,  84.2526829651266, -58.6849083438824,  494.438115869455]])",
      "text/latex": "$\\displaystyle \\left[\\begin{matrix}4176.1938604383 & 98.6013291036239 & 35.0097833602915 & -30.8636581063549\\\\98.6013291036239 & 1947.80941141792 & -73.7299468190306 & 84.2526829651266\\\\35.0097833602915 & -73.7299468190306 & 115.454690374859 & -58.6849083438824\\\\-30.8636581063549 & 84.2526829651266 & -58.6849083438824 & 494.438115869455\\end{matrix}\\right]$"
     },
     "metadata": {},
     "output_type": "display_data"
    },
    {
     "name": "stdout",
     "output_type": "stream",
     "text": [
      "Y^(1,5)=\n"
     ]
    },
    {
     "data": {
      "text/plain": "Matrix([\n[3203.69086615371, 163.725633620424],\n[163.725633620424, 564.290039903349]])",
      "text/latex": "$\\displaystyle \\left[\\begin{matrix}3203.69086615371 & 163.725633620424\\\\163.725633620424 & 564.290039903349\\end{matrix}\\right]$"
     },
     "metadata": {},
     "output_type": "display_data"
    },
    {
     "name": "stdout",
     "output_type": "stream",
     "text": [
      "Y^(2,2)=\n"
     ]
    },
    {
     "data": {
      "text/plain": "Matrix([\n[          13238.0,  1282.03122997925, -2489.53057714951, -3961.62184664995, -7749.85333597474, -9017.53953250182, -10788.1402665582, -1633.33674674475,  10255.6693968909],\n[ 1282.03122997925,  3287.72941211591, -1186.04809831653, -186.699811499424, -2444.54862385096, -1130.95691798213, -1976.85760169238, -1951.37288105653,  10099.7661575225],\n[-2489.53057714951, -1186.04809831653,  1944.18752577453,  575.015844812338,   1870.2671287264,  1838.91748476939,  2339.52193611766,  525.537227658386, -4099.34819018117],\n[-3961.62184664995, -186.699811499424,  575.015844812338,  1654.41732733769,  2590.86991295295,  3250.60853701942,  3659.13632601387, -337.158956163954, -3441.42625884887],\n[-7749.85333597474, -2444.54862385096,   1870.2671287264,  2590.86991295295,  6721.06629283641,  6014.31042240289,  7645.69783625109,  2007.10049712334,  -17237.372058747],\n[-9017.53953250182, -1130.95691798213,  1838.91748476939,  3250.60853701942,  6014.31042240289,  7195.16941266495,  8375.24164009763,  99.7052572992541, -8634.54049652299],\n[-10788.1402665582, -1976.85760169238,  2339.52193611766,  3659.13632601387,  7645.69783625109,  8375.24164009763,  10169.3961244413,  1448.65289222879, -13070.0710979843],\n[-1633.33674674475, -1951.37288105653,  525.537227658386, -337.158956163954,  2007.10049712334,  99.7052572992541,  1448.65289222879,  5049.60627716875, -7604.96745750588],\n[ 10255.6693968909,  10099.7661575225, -4099.34819018117, -3441.42625884887,  -17237.372058747, -8634.54049652299, -13070.0710979843, -7604.96745750588,  75383.4242053878]])",
      "text/latex": "$\\displaystyle \\left[\\begin{matrix}13238.0 & 1282.03122997925 & -2489.53057714951 & -3961.62184664995 & -7749.85333597474 & -9017.53953250182 & -10788.1402665582 & -1633.33674674475 & 10255.6693968909\\\\1282.03122997925 & 3287.72941211591 & -1186.04809831653 & -186.699811499424 & -2444.54862385096 & -1130.95691798213 & -1976.85760169238 & -1951.37288105653 & 10099.7661575225\\\\-2489.53057714951 & -1186.04809831653 & 1944.18752577453 & 575.015844812338 & 1870.2671287264 & 1838.91748476939 & 2339.52193611766 & 525.537227658386 & -4099.34819018117\\\\-3961.62184664995 & -186.699811499424 & 575.015844812338 & 1654.41732733769 & 2590.86991295295 & 3250.60853701942 & 3659.13632601387 & -337.158956163954 & -3441.42625884887\\\\-7749.85333597474 & -2444.54862385096 & 1870.2671287264 & 2590.86991295295 & 6721.06629283641 & 6014.31042240289 & 7645.69783625109 & 2007.10049712334 & -17237.372058747\\\\-9017.53953250182 & -1130.95691798213 & 1838.91748476939 & 3250.60853701942 & 6014.31042240289 & 7195.16941266495 & 8375.24164009763 & 99.7052572992541 & -8634.54049652299\\\\-10788.1402665582 & -1976.85760169238 & 2339.52193611766 & 3659.13632601387 & 7645.69783625109 & 8375.24164009763 & 10169.3961244413 & 1448.65289222879 & -13070.0710979843\\\\-1633.33674674475 & -1951.37288105653 & 525.537227658386 & -337.158956163954 & 2007.10049712334 & 99.7052572992541 & 1448.65289222879 & 5049.60627716875 & -7604.96745750588\\\\10255.6693968909 & 10099.7661575225 & -4099.34819018117 & -3441.42625884887 & -17237.372058747 & -8634.54049652299 & -13070.0710979843 & -7604.96745750588 & 75383.4242053878\\end{matrix}\\right]$"
     },
     "metadata": {},
     "output_type": "display_data"
    },
    {
     "name": "stdout",
     "output_type": "stream",
     "text": [
      "Y^(2,3)=\n"
     ]
    },
    {
     "data": {
      "text/plain": "Matrix([\n[  17299.312169159,  2875.42292920641, -577.737941258077, -430.342514363649, -1885.29981123243, -1393.53221087815, -5034.93155756409],\n[ 2875.42292920641,  5145.66565755177, -442.110563500144, -248.014525065944, -912.801438848443, -449.208110258781, -3039.86944794564],\n[-577.737941258077, -442.110563500144,  685.031748680629,  84.3253746328278,  453.283387992942,  518.109421336066,  1141.17528804606],\n[-430.342514363649, -248.014525065944,  84.3253746328278,   261.33411102311, -34.1582147176622,  822.971541447912, -55.0783550679484],\n[-1885.29981123243, -912.801438848443,  453.283387992942, -34.1582147176622,  2350.18760540358, -175.935038029669,  6158.06933229195],\n[-1393.53221087815, -449.208110258781,  518.109421336066,  822.971541447912, -175.935038029669,  3380.01753814415, -713.116871151979],\n[-5034.93155756409, -3039.86944794564,  1141.17528804606, -55.0783550679484,  6158.06933229195, -713.116871151979,  17144.9267390632]])",
      "text/latex": "$\\displaystyle \\left[\\begin{matrix}17299.312169159 & 2875.42292920641 & -577.737941258077 & -430.342514363649 & -1885.29981123243 & -1393.53221087815 & -5034.93155756409\\\\2875.42292920641 & 5145.66565755177 & -442.110563500144 & -248.014525065944 & -912.801438848443 & -449.208110258781 & -3039.86944794564\\\\-577.737941258077 & -442.110563500144 & 685.031748680629 & 84.3253746328278 & 453.283387992942 & 518.109421336066 & 1141.17528804606\\\\-430.342514363649 & -248.014525065944 & 84.3253746328278 & 261.33411102311 & -34.1582147176622 & 822.971541447912 & -55.0783550679484\\\\-1885.29981123243 & -912.801438848443 & 453.283387992942 & -34.1582147176622 & 2350.18760540358 & -175.935038029669 & 6158.06933229195\\\\-1393.53221087815 & -449.208110258781 & 518.109421336066 & 822.971541447912 & -175.935038029669 & 3380.01753814415 & -713.116871151979\\\\-5034.93155756409 & -3039.86944794564 & 1141.17528804606 & -55.0783550679484 & 6158.06933229195 & -713.116871151979 & 17144.9267390632\\end{matrix}\\right]$"
     },
     "metadata": {},
     "output_type": "display_data"
    },
    {
     "name": "stdout",
     "output_type": "stream",
     "text": [
      "Y^(2,4)=\n"
     ]
    },
    {
     "data": {
      "text/plain": "Matrix([\n[ 6359.57290317962, -149.827306014089, -118.297615587836, -194.880911975685,   792.79558261045],\n[-149.827306014089,    1057.637780696, -18.1775687187956, -8.95900344082708,  49.2096690625358],\n[-118.297615587836, -18.1775687187956,  91.8493750904809,  24.5132787647835, -78.4657486161728],\n[-194.880911975685, -8.95900344082708,  24.5132787647835,  173.247288234319, -67.4081493575397],\n[  792.79558261045,  49.2096690625358, -78.4657486161728, -67.4081493575397,  1070.09173949583]])",
      "text/latex": "$\\displaystyle \\left[\\begin{matrix}6359.57290317962 & -149.827306014089 & -118.297615587836 & -194.880911975685 & 792.79558261045\\\\-149.827306014089 & 1057.637780696 & -18.1775687187956 & -8.95900344082708 & 49.2096690625358\\\\-118.297615587836 & -18.1775687187956 & 91.8493750904809 & 24.5132787647835 & -78.4657486161728\\\\-194.880911975685 & -8.95900344082708 & 24.5132787647835 & 173.247288234319 & -67.4081493575397\\\\792.79558261045 & 49.2096690625358 & -78.4657486161728 & -67.4081493575397 & 1070.09173949583\\end{matrix}\\right]$"
     },
     "metadata": {},
     "output_type": "display_data"
    },
    {
     "name": "stdout",
     "output_type": "stream",
     "text": [
      "Y^(2,5)=\n"
     ]
    },
    {
     "data": {
      "text/plain": "Matrix([\n[ 3776.49414470684,  69.0145158339064, -50.4615925150442],\n[ 69.0145158339064,  449.396854233157, -71.1653276927686],\n[-50.4615925150442, -71.1653276927686,  688.756359415288]])",
      "text/latex": "$\\displaystyle \\left[\\begin{matrix}3776.49414470684 & 69.0145158339064 & -50.4615925150442\\\\69.0145158339064 & 449.396854233157 & -71.1653276927686\\\\-50.4615925150442 & -71.1653276927686 & 688.756359415288\\end{matrix}\\right]$"
     },
     "metadata": {},
     "output_type": "display_data"
    },
    {
     "name": "stdout",
     "output_type": "stream",
     "text": [
      "Y^(2,6)=\n"
     ]
    },
    {
     "data": {
      "text/plain": "Matrix([[706.498629280442]])",
      "text/latex": "$\\displaystyle \\left[\\begin{matrix}706.498629280442\\end{matrix}\\right]$"
     },
     "metadata": {},
     "output_type": "display_data"
    },
    {
     "name": "stdout",
     "output_type": "stream",
     "text": [
      "Y^(3,3)=\n"
     ]
    },
    {
     "data": {
      "text/plain": "Matrix([\n[8911.62451966387,  52.9274624067537,  544.053429735977,  199.642408566287,  418.387370478684,  657.317062386466,  1320.82855482622, 1978.34199484981],\n[52.9274624067537,  940.899464617783, -156.822805739778, -16.4843659329292, -142.894497020344, -19.0837060531657, -361.691193050005,  -154.2122636527],\n[544.053429735977, -156.822805739778,  765.890845220117, -38.2421871218756,  691.668020682354,  30.8696597659626,  2027.70657253213, 54.2414152042928],\n[199.642408566287, -16.4843659329292, -38.2421871218756,  195.958350249949, -11.7125434226164,  556.322324682761, -109.674521792705, 1575.22245800371],\n[418.387370478684, -142.894497020344,  691.668020682354, -11.7125434226164,  1142.52209819793,  162.562415286995,  3234.12958772534, 491.786908144065],\n[657.317062386466, -19.0837060531657,  30.8696597659626,  556.322324682761,  162.562415286995,  1708.59497514887,  256.662229647933, 4744.10258498089],\n[1320.82855482622, -361.691193050005,  2027.70657253213, -109.674521792705,  3234.12958772534,  256.662229647933,  9444.40182188149, 740.175840769592],\n[1978.34199484981,   -154.2122636527,  54.2414152042928,  1575.22245800371,  491.786908144065,  4744.10258498089,  740.175840769592, 13813.7044074163]])",
      "text/latex": "$\\displaystyle \\left[\\begin{matrix}8911.62451966387 & 52.9274624067537 & 544.053429735977 & 199.642408566287 & 418.387370478684 & 657.317062386466 & 1320.82855482622 & 1978.34199484981\\\\52.9274624067537 & 940.899464617783 & -156.822805739778 & -16.4843659329292 & -142.894497020344 & -19.0837060531657 & -361.691193050005 & -154.2122636527\\\\544.053429735977 & -156.822805739778 & 765.890845220117 & -38.2421871218756 & 691.668020682354 & 30.8696597659626 & 2027.70657253213 & 54.2414152042928\\\\199.642408566287 & -16.4843659329292 & -38.2421871218756 & 195.958350249949 & -11.7125434226164 & 556.322324682761 & -109.674521792705 & 1575.22245800371\\\\418.387370478684 & -142.894497020344 & 691.668020682354 & -11.7125434226164 & 1142.52209819793 & 162.562415286995 & 3234.12958772534 & 491.786908144065\\\\657.317062386466 & -19.0837060531657 & 30.8696597659626 & 556.322324682761 & 162.562415286995 & 1708.59497514887 & 256.662229647933 & 4744.10258498089\\\\1320.82855482622 & -361.691193050005 & 2027.70657253213 & -109.674521792705 & 3234.12958772534 & 256.662229647933 & 9444.40182188149 & 740.175840769592\\\\1978.34199484981 & -154.2122636527 & 54.2414152042928 & 1575.22245800371 & 491.786908144065 & 4744.10258498089 & 740.175840769592 & 13813.7044074163\\end{matrix}\\right]$"
     },
     "metadata": {},
     "output_type": "display_data"
    },
    {
     "name": "stdout",
     "output_type": "stream",
     "text": [
      "Y^(3,4)=\n"
     ]
    },
    {
     "data": {
      "text/plain": "Matrix([\n[ 4128.13025669427, -16.8433640407288, -72.0717302504427, 0.566639692010775, -207.866951829732,  93.4272728011228],\n[-16.8433640407288,  1050.69253205772,  9.59727738785848,  40.3614598486395,  30.5823079579614, -250.962984806099],\n[-72.0717302504427,  9.59727738785848,  36.8369952899107, -4.98516474715933, -4.60162144664452,  16.4009201478614],\n[0.566639692010775,  40.3614598486395, -4.98516474715933,  49.8889787629778, -2.61804797250362,  -15.230635670627],\n[-207.866951829732,  30.5823079579614, -4.60162144664452, -2.61804797250362,  240.671926423879,  13.1080745478803],\n[ 93.4272728011228, -250.962984806099,  16.4009201478614,  -15.230635670627,  13.1080745478803,  933.518444757467]])",
      "text/latex": "$\\displaystyle \\left[\\begin{matrix}4128.13025669427 & -16.8433640407288 & -72.0717302504427 & 0.566639692010775 & -207.866951829732 & 93.4272728011228\\\\-16.8433640407288 & 1050.69253205772 & 9.59727738785848 & 40.3614598486395 & 30.5823079579614 & -250.962984806099\\\\-72.0717302504427 & 9.59727738785848 & 36.8369952899107 & -4.98516474715933 & -4.60162144664452 & 16.4009201478614\\\\0.566639692010775 & 40.3614598486395 & -4.98516474715933 & 49.8889787629778 & -2.61804797250362 & -15.230635670627\\\\-207.866951829732 & 30.5823079579614 & -4.60162144664452 & -2.61804797250362 & 240.671926423879 & 13.1080745478803\\\\93.4272728011228 & -250.962984806099 & 16.4009201478614 & -15.230635670627 & 13.1080745478803 & 933.518444757467\\end{matrix}\\right]$"
     },
     "metadata": {},
     "output_type": "display_data"
    },
    {
     "name": "stdout",
     "output_type": "stream",
     "text": [
      "Y^(3,5)=\n"
     ]
    },
    {
     "data": {
      "text/plain": "Matrix([\n[ 3761.15349279711, -53.8179477704862, -23.761422480916, 34.5416773108916],\n[-53.8179477704862,   166.51364656829, 3.85445041011304, 29.0115580311926],\n[ -23.761422480916,  3.85445041011304, 315.490455137603,  21.276842144178],\n[ 34.5416773108916,  29.0115580311926,  21.276842144178,  1279.4403381002]])",
      "text/latex": "$\\displaystyle \\left[\\begin{matrix}3761.15349279711 & -53.8179477704862 & -23.761422480916 & 34.5416773108916\\\\-53.8179477704862 & 166.51364656829 & 3.85445041011304 & 29.0115580311926\\\\-23.761422480916 & 3.85445041011304 & 315.490455137603 & 21.276842144178\\\\34.5416773108916 & 29.0115580311926 & 21.276842144178 & 1279.4403381002\\end{matrix}\\right]$"
     },
     "metadata": {},
     "output_type": "display_data"
    },
    {
     "name": "stdout",
     "output_type": "stream",
     "text": [
      "Y^(3,6)=\n"
     ]
    },
    {
     "data": {
      "text/plain": "Matrix([\n[909.126042681801, 247.071267578015],\n[247.071267578015, 801.291034607688]])",
      "text/latex": "$\\displaystyle \\left[\\begin{matrix}909.126042681801 & 247.071267578015\\\\247.071267578015 & 801.291034607688\\end{matrix}\\right]$"
     },
     "metadata": {},
     "output_type": "display_data"
    },
    {
     "name": "stdout",
     "output_type": "stream",
     "text": [
      "Y^(4,4)=\n"
     ]
    },
    {
     "data": {
      "text/plain": "Matrix([\n[ 7365.43505785644, -130.016778981561, -126.647736254409, -5.51014880444206, -129.811194247007, -130.443349736972,   110.14981468875],\n[-130.016778981561,  1006.56927067392, -11.1667500935626, -14.9314194635409, -14.7149717722075, -5.22569158095638,  34.1495823149386],\n[-126.647736254409, -11.1667500935626,  8.43473408853888,  3.62369939456522,  4.20551115968429,  2.83604802718538,   -11.15592236006],\n[-5.51014880444206, -14.9314194635409,  3.62369939456522,  31.6243450425183,   1.8436366811547, -17.1695809345016,  2.90312041907497],\n[-129.811194247007, -14.7149717722075,  4.20551115968429,   1.8436366811547,  90.7854646833197,  15.1285195594354, -10.0199540509967],\n[-130.443349736972, -5.22569158095638,  2.83604802718538, -17.1695809345016,  15.1285195594354,  133.389208351929, -43.9798613342154],\n[  110.14981468875,  34.1495823149386,   -11.15592236006,  2.90312041907497, -10.0199540509967, -43.9798613342154,  465.231476413215]])",
      "text/latex": "$\\displaystyle \\left[\\begin{matrix}7365.43505785644 & -130.016778981561 & -126.647736254409 & -5.51014880444206 & -129.811194247007 & -130.443349736972 & 110.14981468875\\\\-130.016778981561 & 1006.56927067392 & -11.1667500935626 & -14.9314194635409 & -14.7149717722075 & -5.22569158095638 & 34.1495823149386\\\\-126.647736254409 & -11.1667500935626 & 8.43473408853888 & 3.62369939456522 & 4.20551115968429 & 2.83604802718538 & -11.15592236006\\\\-5.51014880444206 & -14.9314194635409 & 3.62369939456522 & 31.6243450425183 & 1.8436366811547 & -17.1695809345016 & 2.90312041907497\\\\-129.811194247007 & -14.7149717722075 & 4.20551115968429 & 1.8436366811547 & 90.7854646833197 & 15.1285195594354 & -10.0199540509967\\\\-130.443349736972 & -5.22569158095638 & 2.83604802718538 & -17.1695809345016 & 15.1285195594354 & 133.389208351929 & -43.9798613342154\\\\110.14981468875 & 34.1495823149386 & -11.15592236006 & 2.90312041907497 & -10.0199540509967 & -43.9798613342154 & 465.231476413215\\end{matrix}\\right]$"
     },
     "metadata": {},
     "output_type": "display_data"
    },
    {
     "name": "stdout",
     "output_type": "stream",
     "text": [
      "Y^(4,5)=\n"
     ]
    },
    {
     "data": {
      "text/plain": "Matrix([\n[ 3492.57937426828, -13.8460237060129,  28.7769896704892,  16.5057819140156, -62.7383781259107],\n[-13.8460237060129,  216.104425070691,  38.9725488527117, -2.27518872000639, -105.678184430458],\n[ 28.7769896704892,  38.9725488527117,  129.599719903794,  -23.082089594782, -30.6612149812269],\n[ 16.5057819140156, -2.27518872000639,  -23.082089594782,  348.224037774204,  32.5137854261453],\n[-62.7383781259107, -105.678184430458, -30.6612149812269,  32.5137854261453,  1061.59753014877]])",
      "text/latex": "$\\displaystyle \\left[\\begin{matrix}3492.57937426828 & -13.8460237060129 & 28.7769896704892 & 16.5057819140156 & -62.7383781259107\\\\-13.8460237060129 & 216.104425070691 & 38.9725488527117 & -2.27518872000639 & -105.678184430458\\\\28.7769896704892 & 38.9725488527117 & 129.599719903794 & -23.082089594782 & -30.6612149812269\\\\16.5057819140156 & -2.27518872000639 & -23.082089594782 & 348.224037774204 & 32.5137854261453\\\\-62.7383781259107 & -105.678184430458 & -30.6612149812269 & 32.5137854261453 & 1061.59753014877\\end{matrix}\\right]$"
     },
     "metadata": {},
     "output_type": "display_data"
    },
    {
     "name": "stdout",
     "output_type": "stream",
     "text": [
      "Y^(4,6)=\n"
     ]
    },
    {
     "data": {
      "text/plain": "Matrix([\n[ 647.312496043296, -85.1953393765876, -76.9621513291207],\n[-85.1953393765876,   403.05689011233,  56.0028679885056],\n[-76.9621513291207,  56.0028679885056,  825.224081642311]])",
      "text/latex": "$\\displaystyle \\left[\\begin{matrix}647.312496043296 & -85.1953393765876 & -76.9621513291207\\\\-85.1953393765876 & 403.05689011233 & 56.0028679885056\\\\-76.9621513291207 & 56.0028679885056 & 825.224081642311\\end{matrix}\\right]$"
     },
     "metadata": {},
     "output_type": "display_data"
    },
    {
     "name": "stdout",
     "output_type": "stream",
     "text": [
      "Y^(4,7)=\n"
     ]
    },
    {
     "data": {
      "text/plain": "Matrix([[960.139037907367]])",
      "text/latex": "$\\displaystyle \\left[\\begin{matrix}960.139037907367\\end{matrix}\\right]$"
     },
     "metadata": {},
     "output_type": "display_data"
    },
    {
     "name": "stdout",
     "output_type": "stream",
     "text": [
      "Y^(5,5)=\n"
     ]
    },
    {
     "data": {
      "text/plain": "Matrix([\n[ 3485.70617687279, -25.1435227401109, -7.23426564614291, -26.1338216395975, -48.0036730965695, -49.7936277409133],\n[-25.1435227401109,  100.923288825281, -5.47786183328235, -5.06263033128388,  14.8549507667388,  28.9465335472032],\n[-7.23426564614291, -5.47786183328235,  74.6227284505993,   5.7992801436926,  10.5918113810163,  -43.551910670624],\n[-26.1338216395975, -5.06263033128388,   5.7992801436926,  121.118326813549, -8.14163405837524, -10.4617100727435],\n[-48.0036730965695,  14.8549507667388,  10.5918113810163, -8.14163405837524,  202.506092203719,  25.0650296318936],\n[-49.7936277409133,  28.9465335472032,  -43.551910670624, -10.4617100727435,  25.0650296318936,  618.452044160096]])",
      "text/latex": "$\\displaystyle \\left[\\begin{matrix}3485.70617687279 & -25.1435227401109 & -7.23426564614291 & -26.1338216395975 & -48.0036730965695 & -49.7936277409133\\\\-25.1435227401109 & 100.923288825281 & -5.47786183328235 & -5.06263033128388 & 14.8549507667388 & 28.9465335472032\\\\-7.23426564614291 & -5.47786183328235 & 74.6227284505993 & 5.7992801436926 & 10.5918113810163 & -43.551910670624\\\\-26.1338216395975 & -5.06263033128388 & 5.7992801436926 & 121.118326813549 & -8.14163405837524 & -10.4617100727435\\\\-48.0036730965695 & 14.8549507667388 & 10.5918113810163 & -8.14163405837524 & 202.506092203719 & 25.0650296318936\\\\-49.7936277409133 & 28.9465335472032 & -43.551910670624 & -10.4617100727435 & 25.0650296318936 & 618.452044160096\\end{matrix}\\right]$"
     },
     "metadata": {},
     "output_type": "display_data"
    },
    {
     "name": "stdout",
     "output_type": "stream",
     "text": [
      "Y^(5,6)=\n"
     ]
    },
    {
     "data": {
      "text/plain": "Matrix([\n[606.097410959836,  38.507527067888, 8.12409487238527, 87.6367142376776],\n[ 38.507527067888, 336.815375190529, 44.2408896609403, -41.270331713357],\n[8.12409487238527, 44.2408896609403, 338.713835571685, 23.6148407491242],\n[87.6367142376776, -41.270331713357, 23.6148407491242, 1021.95174518254]])",
      "text/latex": "$\\displaystyle \\left[\\begin{matrix}606.097410959836 & 38.507527067888 & 8.12409487238527 & 87.6367142376776\\\\38.507527067888 & 336.815375190529 & 44.2408896609403 & -41.270331713357\\\\8.12409487238527 & 44.2408896609403 & 338.713835571685 & 23.6148407491242\\\\87.6367142376776 & -41.270331713357 & 23.6148407491242 & 1021.95174518254\\end{matrix}\\right]$"
     },
     "metadata": {},
     "output_type": "display_data"
    },
    {
     "name": "stdout",
     "output_type": "stream",
     "text": [
      "Y^(5,7)=\n"
     ]
    },
    {
     "data": {
      "text/plain": "Matrix([\n[ 663.807056001663, -143.592237126848],\n[-143.592237126848,   1543.2421992248]])",
      "text/latex": "$\\displaystyle \\left[\\begin{matrix}663.807056001663 & -143.592237126848\\\\-143.592237126848 & 1543.2421992248\\end{matrix}\\right]$"
     },
     "metadata": {},
     "output_type": "display_data"
    },
    {
     "name": "stdout",
     "output_type": "stream",
     "text": [
      "Y^(6,6)=\n"
     ]
    },
    {
     "data": {
      "text/plain": "Matrix([\n[ 647.870214127013,  -9.0560961844309, -29.0123094611816, -35.6144462554358, -137.105957910782],\n[ -9.0560961844309,  175.701335953409, -12.7777916279186, -6.48189471150873,  85.4522459402276],\n[-29.0123094611816, -12.7777916279186,  307.999876789958,  72.7533468359898, -13.8361785777838],\n[-35.6144462554358, -6.48189471150873,  72.7533468359898,   248.39032004534,  44.0941977114775],\n[-137.105957910782,  85.4522459402276, -13.8361785777838,  44.0941977114775,  575.581500733951]])",
      "text/latex": "$\\displaystyle \\left[\\begin{matrix}647.870214127013 & -9.0560961844309 & -29.0123094611816 & -35.6144462554358 & -137.105957910782\\\\-9.0560961844309 & 175.701335953409 & -12.7777916279186 & -6.48189471150873 & 85.4522459402276\\\\-29.0123094611816 & -12.7777916279186 & 307.999876789958 & 72.7533468359898 & -13.8361785777838\\\\-35.6144462554358 & -6.48189471150873 & 72.7533468359898 & 248.39032004534 & 44.0941977114775\\\\-137.105957910782 & 85.4522459402276 & -13.8361785777838 & 44.0941977114775 & 575.581500733951\\end{matrix}\\right]$"
     },
     "metadata": {},
     "output_type": "display_data"
    },
    {
     "name": "stdout",
     "output_type": "stream",
     "text": [
      "Y^(6,7)=\n"
     ]
    },
    {
     "data": {
      "text/plain": "Matrix([\n[743.140116791448,   11.004811824093,  113.278053878174],\n[ 11.004811824093,  702.973720612088, -50.2625501051685],\n[113.278053878174, -50.2625501051685,  1034.97757894346]])",
      "text/latex": "$\\displaystyle \\left[\\begin{matrix}743.140116791448 & 11.004811824093 & 113.278053878174\\\\11.004811824093 & 702.973720612088 & -50.2625501051685\\\\113.278053878174 & -50.2625501051685 & 1034.97757894346\\end{matrix}\\right]$"
     },
     "metadata": {},
     "output_type": "display_data"
    },
    {
     "name": "stdout",
     "output_type": "stream",
     "text": [
      "Y^(6,8)=\n"
     ]
    },
    {
     "data": {
      "text/plain": "Matrix([[859.538529968451]])",
      "text/latex": "$\\displaystyle \\left[\\begin{matrix}859.538529968451\\end{matrix}\\right]$"
     },
     "metadata": {},
     "output_type": "display_data"
    },
    {
     "name": "stdout",
     "output_type": "stream",
     "text": [
      "Y^(7,7)=\n"
     ]
    },
    {
     "data": {
      "text/plain": "Matrix([\n[ 689.690260325825, -10.0104403533866, -54.9868704598345,   -88.95828023236],\n[-10.0104403533866,  474.310225654442, -28.1199586604197,  71.2511402947509],\n[-54.9868704598345, -28.1199586604197,  442.492742196064, -56.3352341699846],\n[  -88.95828023236,  71.2511402947509, -56.3352341699846,  621.042429477347]])",
      "text/latex": "$\\displaystyle \\left[\\begin{matrix}689.690260325825 & -10.0104403533866 & -54.9868704598345 & -88.95828023236\\\\-10.0104403533866 & 474.310225654442 & -28.1199586604197 & 71.2511402947509\\\\-54.9868704598345 & -28.1199586604197 & 442.492742196064 & -56.3352341699846\\\\-88.95828023236 & 71.2511402947509 & -56.3352341699846 & 621.042429477347\\end{matrix}\\right]$"
     },
     "metadata": {},
     "output_type": "display_data"
    },
    {
     "name": "stdout",
     "output_type": "stream",
     "text": [
      "Y^(7,8)=\n"
     ]
    },
    {
     "data": {
      "text/plain": "Matrix([\n[1426.56374800045, 110.432651774486],\n[110.432651774486, 912.467178746005]])",
      "text/latex": "$\\displaystyle \\left[\\begin{matrix}1426.56374800045 & 110.432651774486\\\\110.432651774486 & 912.467178746005\\end{matrix}\\right]$"
     },
     "metadata": {},
     "output_type": "display_data"
    },
    {
     "name": "stdout",
     "output_type": "stream",
     "text": [
      "Y^(8,8)=\n"
     ]
    },
    {
     "data": {
