{
 "cells": [
  {
   "cell_type": "code",
   "execution_count": 1,
   "id": "95bf8c20",
   "metadata": {
    "ExecuteTime": {
     "end_time": "2024-08-12T12:22:12.451812Z",
     "start_time": "2024-08-12T12:22:12.367573Z"
    }
   },
   "outputs": [],
   "source": [
    "import pickle\n",
    "import numpy as np\n",
    "import fun_dual as f\n",
    "from itertools import product,permutations"
   ]
  },
  {
   "cell_type": "markdown",
   "id": "b4b72833",
   "metadata": {},
   "source": [
    "# Print solution Y^(a,k), C, Q"
   ]
  },
  {
   "cell_type": "code",
   "execution_count": 2,
   "id": "401d646d",
   "metadata": {
    "ExecuteTime": {
     "end_time": "2024-08-12T12:22:24.786778Z",
     "start_time": "2024-08-12T12:22:12.455003Z"
    }
   },
   "outputs": [
    {
     "name": "stdout",
     "output_type": "stream",
     "text": [
      "Y^(0,0)=[[ 2.526e+03 -2.800e+01 -1.140e+02  1.480e+02 -3.800e+01 -7.600e+01\n",
      "  -4.500e+02 -7.640e+02 -9.880e+02 -5.310e+02 -4.910e+02]\n",
      " [-2.800e+01  3.110e+02 -1.800e+01 -7.900e+01  5.000e+00 -1.900e+02\n",
      "  -5.000e+01 -2.100e+01  1.820e+02  5.240e+02 -3.460e+02]\n",
      " [-1.140e+02 -1.800e+01  5.500e+01 -3.400e+01 -4.500e+01 -6.000e+00\n",
      "   3.000e+01  4.500e+01  3.800e+01  1.200e+01 -2.760e+02]\n",
      " [ 1.480e+02 -7.900e+01 -3.400e+01  1.260e+02  2.200e+01  1.080e+02\n",
      "  -7.600e+01 -6.000e+01  1.700e+01  9.100e+01  3.220e+02]\n",
      " [-3.800e+01  5.000e+00 -4.500e+01  2.200e+01  6.800e+01  1.600e+01\n",
      "  -2.000e+00 -7.000e+00 -1.000e+00  6.200e+01  4.500e+02]\n",
      " [-7.600e+01 -1.900e+02 -6.000e+00  1.080e+02  1.600e+01  1.750e+02\n",
      "  -3.000e+00  3.400e+01  2.200e+01 -1.640e+02  3.530e+02]\n",
      " [-4.500e+02 -5.000e+01  3.000e+01 -7.600e+01 -2.000e+00 -3.000e+00\n",
      "   1.510e+02  1.490e+02  2.000e+01 -2.010e+02  1.240e+02]\n",
      " [-7.640e+02 -2.100e+01  4.500e+01 -6.000e+01 -7.000e+00  3.400e+01\n",
      "   1.490e+02  2.730e+02  3.020e+02 -1.230e+02 -2.360e+02]\n",
      " [-9.880e+02  1.820e+02  3.800e+01  1.700e+01 -1.000e+00  2.200e+01\n",
      "   2.000e+01  3.020e+02  8.120e+02  7.190e+02 -5.540e+02]\n",
      " [-5.310e+02  5.240e+02  1.200e+01  9.100e+01  6.200e+01 -1.640e+02\n",
      "  -2.010e+02 -1.230e+02  7.190e+02  3.074e+03  1.295e+03]\n",
      " [-4.910e+02 -3.460e+02 -2.760e+02  3.220e+02  4.500e+02  3.530e+02\n",
      "   1.240e+02 -2.360e+02 -5.540e+02  1.295e+03  7.531e+03]]\n",
      "\n",
      "Y^(0,1)=[[ 1.7579e+04 -1.9780e+03 -1.4850e+03 -4.1800e+02  2.5700e+02  4.6490e+03\n",
      "   8.6820e+03  1.3697e+04  2.1228e+04]\n",
      " [-1.9780e+03  6.9500e+02 -2.0500e+02 -6.0000e+00  1.3500e+02 -1.6200e+02\n",
      "  -1.1130e+03 -1.4410e+03 -2.0030e+03]\n",
      " [-1.4850e+03 -2.0500e+02  6.8700e+02  3.0000e+00  1.4400e+02 -7.5500e+02\n",
      "  -7.1800e+02 -8.5800e+02 -1.9400e+03]\n",
      " [-4.1800e+02 -6.0000e+00  3.0000e+00  1.7700e+02 -3.1100e+02 -2.8600e+02\n",
      "  -4.0300e+02 -5.8900e+02  4.6800e+02]\n",
      " [ 2.5700e+02  1.3500e+02  1.4400e+02 -3.1100e+02  1.3530e+03  1.6900e+02\n",
      "   1.1080e+03  1.5540e+03 -1.9720e+03]\n",
      " [ 4.6490e+03 -1.6200e+02 -7.5500e+02 -2.8600e+02  1.6900e+02  2.2670e+03\n",
      "   2.8880e+03  4.4010e+03  4.2630e+03]\n",
      " [ 8.6820e+03 -1.1130e+03 -7.1800e+02 -4.0300e+02  1.1080e+03  2.8880e+03\n",
      "   6.8850e+03  8.5340e+03  6.5290e+03]\n",
      " [ 1.3697e+04 -1.4410e+03 -8.5800e+02 -5.8900e+02  1.5540e+03  4.4010e+03\n",
      "   8.5340e+03  1.4864e+04  1.6950e+04]\n",
      " [ 2.1228e+04 -2.0030e+03 -1.9400e+03  4.6800e+02 -1.9720e+03  4.2630e+03\n",
      "   6.5290e+03  1.6950e+04  5.1159e+04]]\n",
      "\n",
      "Y^(0,2)=[[13514.  2190. -1094.  -332. -2618. -5396.  1995.]\n",
      " [ 2190.  5595. -1596. -1849.  -995. -1695. -3394.]\n",
      " [-1094. -1596.  2933.  1741.  4262.  6778.  2106.]\n",
      " [ -332. -1849.  1741.  4663.  4132.  5348. -1432.]\n",
      " [-2618.  -995.  4262.  4132.  9485. 14440. -1147.]\n",
      " [-5396. -1695.  6778.  5348. 14440. 22654.   377.]\n",
      " [ 1995. -3394.  2106. -1432. -1147.   377. 25237.]]\n",
      "\n",
      "Y^(0,3)=[[ 17284.  -8014.  -3629.  -7068. -11095.]\n",
      " [ -8014.  13179.   5239.   5701.  11339.]\n",
      " [ -3629.   5239.   6049.   -106.   7640.]\n",
      " [ -7068.   5701.   -106.  26329.  17766.]\n",
      " [-11095.  11339.   7640.  17766.  25353.]]\n",
      "\n",
      "Y^(0,4)=[[36562.   123. -1153.]\n",
      " [  123.  1960.   175.]\n",
      " [-1153.   175.  1139.]]\n",
      "\n",
      "Y^(0,5)=[[4681.43820981]]\n",
      "\n",
      "Y^(1,1)=[[ 2.2627e+04  4.6600e+02 -6.3500e+02 -6.9200e+02 -1.9720e+03 -4.3740e+03\n",
      "  -8.6370e+03 -1.0360e+04 -1.6789e+04 -1.3872e+04]\n",
      " [ 4.6600e+02  1.5700e+02 -9.1000e+01  4.3000e+01 -6.0000e+00 -1.7600e+02\n",
      "  -3.0000e+02 -6.1200e+02 -6.4500e+02  4.5900e+02]\n",
      " [-6.3500e+02 -9.1000e+01  2.4500e+02 -8.0000e+00  8.5000e+01  1.3500e+02\n",
      "   2.2700e+02  1.3000e+02  2.4700e+02  1.2300e+02]\n",
      " [-6.9200e+02  4.3000e+01 -8.0000e+00  2.8600e+02  1.0300e+02  6.8000e+01\n",
      "   1.4700e+02 -2.4800e+02  4.3400e+02  3.4880e+03]\n",
      " [-1.9720e+03 -6.0000e+00  8.5000e+01  1.0300e+02  5.0500e+02  2.9400e+02\n",
      "   5.9200e+02  2.5600e+02  1.4310e+03  3.1870e+03]\n",
      " [-4.3740e+03 -1.7600e+02  1.3500e+02  6.8000e+01  2.9400e+02  9.6600e+02\n",
      "   1.8290e+03  2.4830e+03  3.3170e+03  1.2520e+03]\n",
      " [-8.6370e+03 -3.0000e+02  2.2700e+02  1.4700e+02  5.9200e+02  1.8290e+03\n",
      "   3.7030e+03  4.4480e+03  6.3660e+03  1.5310e+03]\n",
      " [-1.0360e+04 -6.1200e+02  1.3000e+02 -2.4800e+02  2.5600e+02  2.4830e+03\n",
      "   4.4480e+03  9.8690e+03  1.1957e+04  3.6280e+03]\n",
      " [-1.6789e+04 -6.4500e+02  2.4700e+02  4.3400e+02  1.4310e+03  3.3170e+03\n",
      "   6.3660e+03  1.1957e+04  1.9661e+04  2.0893e+04]\n",
      " [-1.3872e+04  4.5900e+02  1.2300e+02  3.4880e+03  3.1870e+03  1.2520e+03\n",
      "   1.5310e+03  3.6280e+03  2.0893e+04  8.2473e+04]]\n",
      "\n",
      "Y^(1,2)=[[47028. 14329.  6577. 10059. 27143. 27298. 15224. 11701.]\n",
      " [14329.  9953.  3110.  3207.  7875.  8395.  6094.  4602.]\n",
      " [ 6577.  3110.  6348.  3547.  7711.  8710.  6719.  2699.]\n",
      " [10059.  3207.  3547.  4380.  7996.  9047.  6625.   349.]\n",
      " [27143.  7875.  7711.  7996. 19881. 20678. 12421.  6454.]\n",
      " [27298.  8395.  8710.  9047. 20678. 22142. 14462.  5831.]\n",
      " [15224.  6094.  6719.  6625. 12421. 14462. 11930.  3572.]\n",
      " [11701.  4602.  2699.   349.  6454.  5831.  3572. 14145.]]\n",
      "\n",
      "Y^(1,3)=[[ 23052.           8853.           5464.           2897.\n",
      "   13981.38545755   4915.7070599 ]\n",
      " [  8853.          32549.           5143.          -3228.84868086\n",
      "    7926.24828781 -12164.62651072]\n",
      " [  5464.           5143.           3142.           1574.96310765\n",
      "    9593.1289808    2725.25192908]\n",
      " [  2897.          -3228.84868086   1574.96310765  16061.46582027\n",
      "   -1859.25745365  35479.39535644]\n",
      " [ 13981.38545755   7926.24828781   9593.1289808   -1859.25745365\n",
      "   59088.30202249  -4280.05528767]\n",
      " [  4915.7070599  -12164.62651072   2725.25192908  35479.39535644\n",
      "   -4280.05528767  80070.51566122]]\n",
      "\n",
      "Y^(1,4)=[[4176.19386044   98.6013291    35.00978336  -30.86365811]\n",
      " [  98.6013291  1947.80941142  -73.72994682   84.25268297]\n",
      " [  35.00978336  -73.72994682  115.45469037  -58.68490834]\n",
      " [ -30.86365811   84.25268297  -58.68490834  494.43811587]]\n",
      "\n",
      "Y^(1,5)=[[3203.69086615  163.72563362]\n",
      " [ 163.72563362  564.2900399 ]]\n",
      "\n",
      "Y^(2,2)=[[ 13238.           1282.03122998  -2489.53057715  -3961.62184665\n",
      "   -7749.85333597  -9017.5395325  -10788.14026656  -1633.33674674\n",
      "   10255.66939689]\n",
      " [  1282.03122998   3287.72941212  -1186.04809832   -186.6998115\n",
      "   -2444.54862385  -1130.95691798  -1976.85760169  -1951.37288106\n",
      "   10099.76615752]\n",
      " [ -2489.53057715  -1186.04809832   1944.18752577    575.01584481\n",
      "    1870.26712873   1838.91748477   2339.52193612    525.53722766\n",
      "   -4099.34819018]\n",
      " [ -3961.62184665   -186.6998115     575.01584481   1654.41732734\n",
      "    2590.86991295   3250.60853702   3659.13632601   -337.15895616\n",
      "   -3441.42625885]\n",
      " [ -7749.85333597  -2444.54862385   1870.26712873   2590.86991295\n",
      "    6721.06629284   6014.3104224    7645.69783625   2007.10049712\n",
      "  -17237.37205875]\n",
      " [ -9017.5395325   -1130.95691798   1838.91748477   3250.60853702\n",
      "    6014.3104224    7195.16941266   8375.2416401      99.7052573\n",
      "   -8634.54049652]\n",
      " [-10788.14026656  -1976.85760169   2339.52193612   3659.13632601\n",
      "    7645.69783625   8375.2416401   10169.39612444   1448.65289223\n",
      "  -13070.07109798]\n",
      " [ -1633.33674674  -1951.37288106    525.53722766   -337.15895616\n",
      "    2007.10049712     99.7052573    1448.65289223   5049.60627717\n",
      "   -7604.96745751]\n",
      " [ 10255.66939689  10099.76615752  -4099.34819018  -3441.42625885\n",
      "  -17237.37205875  -8634.54049652 -13070.07109798  -7604.96745751\n",
      "   75383.42420539]]\n",
      "\n",
      "Y^(2,3)=[[17299.31216916  2875.42292921  -577.73794126  -430.34251436\n",
      "  -1885.29981123 -1393.53221088 -5034.93155756]\n",
      " [ 2875.42292921  5145.66565755  -442.1105635   -248.01452507\n",
      "   -912.80143885  -449.20811026 -3039.86944795]\n",
      " [ -577.73794126  -442.1105635    685.03174868    84.32537463\n",
      "    453.28338799   518.10942134  1141.17528805]\n",
      " [ -430.34251436  -248.01452507    84.32537463   261.33411102\n",
      "    -34.15821472   822.97154145   -55.07835507]\n",
      " [-1885.29981123  -912.80143885   453.28338799   -34.15821472\n",
      "   2350.1876054   -175.93503803  6158.06933229]\n",
      " [-1393.53221088  -449.20811026   518.10942134   822.97154145\n",
      "   -175.93503803  3380.01753814  -713.11687115]\n",
      " [-5034.93155756 -3039.86944795  1141.17528805   -55.07835507\n",
      "   6158.06933229  -713.11687115 17144.92673906]]\n",
      "\n",
      "Y^(2,4)=[[6359.57290318 -149.82730601 -118.29761559 -194.88091198  792.79558261]\n",
      " [-149.82730601 1057.6377807   -18.17756872   -8.95900344   49.20966906]\n",
      " [-118.29761559  -18.17756872   91.84937509   24.51327876  -78.46574862]\n",
      " [-194.88091198   -8.95900344   24.51327876  173.24728823  -67.40814936]\n",
      " [ 792.79558261   49.20966906  -78.46574862  -67.40814936 1070.0917395 ]]\n",
      "\n",
      "Y^(2,5)=[[3776.49414471   69.01451583  -50.46159252]\n",
      " [  69.01451583  449.39685423  -71.16532769]\n",
      " [ -50.46159252  -71.16532769  688.75635942]]\n",
      "\n",
      "Y^(2,6)=[[706.49862928]]\n",
      "\n",
      "Y^(3,3)=[[ 8.91162452e+03  5.29274624e+01  5.44053430e+02  1.99642409e+02\n",
      "   4.18387370e+02  6.57317062e+02  1.32082855e+03  1.97834199e+03]\n",
      " [ 5.29274624e+01  9.40899465e+02 -1.56822806e+02 -1.64843659e+01\n",
      "  -1.42894497e+02 -1.90837061e+01 -3.61691193e+02 -1.54212264e+02]\n",
      " [ 5.44053430e+02 -1.56822806e+02  7.65890845e+02 -3.82421871e+01\n",
      "   6.91668021e+02  3.08696598e+01  2.02770657e+03  5.42414152e+01]\n",
      " [ 1.99642409e+02 -1.64843659e+01 -3.82421871e+01  1.95958350e+02\n",
      "  -1.17125434e+01  5.56322325e+02 -1.09674522e+02  1.57522246e+03]\n",
      " [ 4.18387370e+02 -1.42894497e+02  6.91668021e+02 -1.17125434e+01\n",
      "   1.14252210e+03  1.62562415e+02  3.23412959e+03  4.91786908e+02]\n",
      " [ 6.57317062e+02 -1.90837061e+01  3.08696598e+01  5.56322325e+02\n",
      "   1.62562415e+02  1.70859498e+03  2.56662230e+02  4.74410258e+03]\n",
      " [ 1.32082855e+03 -3.61691193e+02  2.02770657e+03 -1.09674522e+02\n",
      "   3.23412959e+03  2.56662230e+02  9.44440182e+03  7.40175841e+02]\n",
      " [ 1.97834199e+03 -1.54212264e+02  5.42414152e+01  1.57522246e+03\n",
      "   4.91786908e+02  4.74410258e+03  7.40175841e+02  1.38137044e+04]]\n",
      "\n",
      "Y^(3,4)=[[ 4.12813026e+03 -1.68433640e+01 -7.20717303e+01  5.66639692e-01\n",
      "  -2.07866952e+02  9.34272728e+01]\n",
      " [-1.68433640e+01  1.05069253e+03  9.59727739e+00  4.03614598e+01\n",
      "   3.05823080e+01 -2.50962985e+02]\n",
      " [-7.20717303e+01  9.59727739e+00  3.68369953e+01 -4.98516475e+00\n",
      "  -4.60162145e+00  1.64009201e+01]\n",
      " [ 5.66639692e-01  4.03614598e+01 -4.98516475e+00  4.98889788e+01\n",
      "  -2.61804797e+00 -1.52306357e+01]\n",
      " [-2.07866952e+02  3.05823080e+01 -4.60162145e+00 -2.61804797e+00\n",
      "   2.40671926e+02  1.31080745e+01]\n",
      " [ 9.34272728e+01 -2.50962985e+02  1.64009201e+01 -1.52306357e+01\n",
      "   1.31080745e+01  9.33518445e+02]]\n",
      "\n",
      "Y^(3,5)=[[3761.1534928   -53.81794777  -23.76142248   34.54167731]\n",
      " [ -53.81794777  166.51364657    3.85445041   29.01155803]\n",
      " [ -23.76142248    3.85445041  315.49045514   21.27684214]\n",
      " [  34.54167731   29.01155803   21.27684214 1279.4403381 ]]\n",
      "\n",
      "Y^(3,6)=[[909.12604268 247.07126758]\n",
      " [247.07126758 801.29103461]]\n",
      "\n",
      "Y^(4,4)=[[ 7.36543506e+03 -1.30016779e+02 -1.26647736e+02 -5.51014880e+00\n",
      "  -1.29811194e+02 -1.30443350e+02  1.10149815e+02]\n",
      " [-1.30016779e+02  1.00656927e+03 -1.11667501e+01 -1.49314195e+01\n",
      "  -1.47149718e+01 -5.22569158e+00  3.41495823e+01]\n",
      " [-1.26647736e+02 -1.11667501e+01  8.43473409e+00  3.62369939e+00\n",
      "   4.20551116e+00  2.83604803e+00 -1.11559224e+01]\n",
      " [-5.51014880e+00 -1.49314195e+01  3.62369939e+00  3.16243450e+01\n",
      "   1.84363668e+00 -1.71695809e+01  2.90312042e+00]\n",
      " [-1.29811194e+02 -1.47149718e+01  4.20551116e+00  1.84363668e+00\n",
      "   9.07854647e+01  1.51285196e+01 -1.00199541e+01]\n",
      " [-1.30443350e+02 -5.22569158e+00  2.83604803e+00 -1.71695809e+01\n",
      "   1.51285196e+01  1.33389208e+02 -4.39798613e+01]\n",
      " [ 1.10149815e+02  3.41495823e+01 -1.11559224e+01  2.90312042e+00\n",
      "  -1.00199541e+01 -4.39798613e+01  4.65231476e+02]]\n",
      "\n",
      "Y^(4,5)=[[ 3.49257937e+03 -1.38460237e+01  2.87769897e+01  1.65057819e+01\n",
      "  -6.27383781e+01]\n",
      " [-1.38460237e+01  2.16104425e+02  3.89725489e+01 -2.27518872e+00\n",
      "  -1.05678184e+02]\n",
      " [ 2.87769897e+01  3.89725489e+01  1.29599720e+02 -2.30820896e+01\n",
      "  -3.06612150e+01]\n",
      " [ 1.65057819e+01 -2.27518872e+00 -2.30820896e+01  3.48224038e+02\n",
      "   3.25137854e+01]\n",
      " [-6.27383781e+01 -1.05678184e+02 -3.06612150e+01  3.25137854e+01\n",
      "   1.06159753e+03]]\n",
      "\n",
      "Y^(4,6)=[[647.31249604 -85.19533938 -76.96215133]\n",
      " [-85.19533938 403.05689011  56.00286799]\n",
      " [-76.96215133  56.00286799 825.22408164]]\n",
      "\n",
      "Y^(4,7)=[[960.13903791]]\n",
      "\n",
      "Y^(5,5)=[[3485.70617687  -25.14352274   -7.23426565  -26.13382164  -48.0036731\n",
      "   -49.79362774]\n",
      " [ -25.14352274  100.92328883   -5.47786183   -5.06263033   14.85495077\n",
      "    28.94653355]\n",
      " [  -7.23426565   -5.47786183   74.62272845    5.79928014   10.59181138\n",
      "   -43.55191067]\n",
      " [ -26.13382164   -5.06263033    5.79928014  121.11832681   -8.14163406\n",
      "   -10.46171007]\n",
      " [ -48.0036731    14.85495077   10.59181138   -8.14163406  202.5060922\n",
      "    25.06502963]\n",
      " [ -49.79362774   28.94653355  -43.55191067  -10.46171007   25.06502963\n",
      "   618.45204416]]\n",
      "\n",
      "Y^(5,6)=[[ 606.09741096   38.50752707    8.12409487   87.63671424]\n",
      " [  38.50752707  336.81537519   44.24088966  -41.27033171]\n",
      " [   8.12409487   44.24088966  338.71383557   23.61484075]\n",
      " [  87.63671424  -41.27033171   23.61484075 1021.95174518]]\n",
      "\n",
      "Y^(5,7)=[[ 663.807056   -143.59223713]\n",
      " [-143.59223713 1543.24219922]]\n",
      "\n",
      "Y^(6,6)=[[ 647.87021413   -9.05609618  -29.01230946  -35.61444626 -137.10595791]\n",
      " [  -9.05609618  175.70133595  -12.77779163   -6.48189471   85.45224594]\n",
      " [ -29.01230946  -12.77779163  307.99987679   72.75334684  -13.83617858]\n",
      " [ -35.61444626   -6.48189471   72.75334684  248.39032005   44.09419771]\n",
      " [-137.10595791   85.45224594  -13.83617858   44.09419771  575.58150073]]\n",
      "\n",
      "Y^(6,7)=[[ 743.14011679   11.00481182  113.27805388]\n",
      " [  11.00481182  702.97372061  -50.26255011]\n",
      " [ 113.27805388  -50.26255011 1034.97757894]]\n",
      "\n",
      "Y^(6,8)=[[859.53852997]]\n",
      "\n",
      "Y^(7,7)=[[689.69026033 -10.01044035 -54.98687046 -88.95828023]\n",
      " [-10.01044035 474.31022565 -28.11995866  71.25114029]\n",
      " [-54.98687046 -28.11995866 442.4927422  -56.33523417]\n",
      " [-88.95828023  71.25114029 -56.33523417 621.04242948]]\n",
      "\n",
      "Y^(7,8)=[[1426.563748    110.43265177]\n",
      " [ 110.43265177  912.46717875]]\n",
      "\n",
      "Y^(8,8)=[[1156.28355349   13.06393873  -43.18643957]\n",
      " [  13.06393873  484.55217168   84.98769445]\n",
      " [ -43.18643957   84.98769445  515.90489031]]\n",
      "\n",
      "Y^(8,9)=[[1230.12708007]]\n",
      "\n",
      "Y^(9,9)=[[ 981.72215298 -117.03611269]\n",
      " [-117.03611269  644.82989025]]\n",
      "\n",
      "Y^(10,10)=[[425.06911296]]\n",
      "\n"
     ]
    }
   ],
   "source": [
    "n,K,d=10,5,4\n",
    "decimals=10\n",
    "\n",
    "with open(\"inf_cert_10\", 'rb') as inf_cert:\n",
    "    Y,C,Q=pickle.load(inf_cert)\n",
    "\n",
    "y=f.yijtp_fun(Y,n)\n",
    "\n",
    "f4,_=f.f4_fun(n)\n",
    "\n",
    "f2M,_=f.f2M_fun(n)\n",
    "\n",
    "D=f.D_fun(C,n,d)\n",
    "\n",
    "for a in range(n+1):\n",
    "    for k in range(a,int((n+a)/2)+1):\n",
    "        \n",
    "        print(\"Y^(%s,%s)=%s\\n\" % (a,k,Y[f2M[a,k]]))\n",
    "        \n",
    "print(\"C=%s\\\\n\\\" % C(\n",
    "print(\"D=%s\\\\n\\\" % D)\n",
    "print(\"Q=%s\\\\n\\\" % (Q))"
   ]
  },
  {
   "cell_type": "markdown",
   "id": "2aea2d8c",
   "metadata": {},
   "source": [
    "# Objective value"
   ]
  },
  {
   "cell_type": "code",
   "execution_count": 3,
   "id": "7359c210",
   "metadata": {
    "ExecuteTime": {
     "end_time": "2024-08-12T12:22:24.789971Z",
     "start_time": "2024-08-12T12:22:24.787606Z"
    }
   },
   "outputs": [
    {
     "name": "stdout",
     "output_type": "stream",
     "text": [
      "obj_val=0.9999999999813554\n"
     ]
    }
   ],
   "source": [
    "obj_val = (K*D[0]-C[0])+(2**n/K-1)*Q[0] - y[f4[0, 0, 0, 0]]/f.gamma(0, 0, 0, 0, n)\n",
    "\n",
    "print(\"obj_val=%s\" % obj_val)"
   ]
  },
  {
   "cell_type": "markdown",
   "id": "89d3c213",
   "metadata": {},
   "source": [
    "# Constraints"
   ]
  },
  {
   "cell_type": "code",
   "execution_count": 4,
   "id": "b24985be",
   "metadata": {
    "ExecuteTime": {
     "end_time": "2024-08-12T12:22:25.144954Z",
     "start_time": "2024-08-12T12:22:24.790879Z"
    }
   },
   "outputs": [
    {
     "name": "stdout",
     "output_type": "stream",
     "text": [
      "Structure constraints = 2.407449239960613e-14\n",
      "Knill Lafllame 1 = 6.394884621840902e-14\n",
      "Knill Lafllame 2 = 2.1316282072803006e-14\n"
     ]
    }
   ],
   "source": [
    "#### Structure constraints ####\n",
    "\n",
    "const=[]\n",
    "\n",
    "for i, j, t, p in f4.keys():\n",
    "\n",
    "    if (t - p) % 2 == 0 and not i==0 and not j == 0 and not i == j == t == p:\n",
    "\n",
    "        zero = sum([y[f4[a, b, c, q]] + Q[a+b-c-q]\n",
    "                    for a, b, c, q in f4.keys() if t - p == c - q and (i, j, i + j - t - p) in \n",
    "                    list(permutations((a, b, a + b - c - q)))])\n",
    "\n",
    "        const.append(abs(zero))\n",
    "\n",
    "\n",
    "print(\"Structure constraints = %s\" % max(const))\n",
    "\n",
    "const=[]\n",
    "\n",
    "for i in range(1, d):\n",
    "    zero = K*D[i]-C[i] +(2**n/K-2)*Q[i]-Q[0] - y[f4[i, i, i, i]] - 2*y[f4[i, 0, 0, 0]]\n",
    "\n",
    "    const.append(abs(zero))\n",
    "\n",
    "print(\"Knill Lafllame 1 = %s\" % max(const))\n",
    "\n",
    "const=[]\n",
    "\n",
    "for i in range(d, n + 1):\n",
    "    zero = K*D[i] +(2**n/K-2)*Q[i]-Q[0] - y[f4[i, i, i, i]] - 2*y[f4[i, 0, 0, 0]]\n",
    "    const.append(abs(zero))\n",
    "        \n",
    "print(\"Knill Lafllame 2 = %s\" % max(const))"
   ]
  },
  {
   "cell_type": "markdown",
   "id": "320fa465",
   "metadata": {},
   "source": [
    "# Minimal eigenvalue"
   ]
  },
  {
   "cell_type": "code",
   "execution_count": 5,
   "id": "dd98ff90",
   "metadata": {
    "ExecuteTime": {
     "end_time": "2024-08-12T12:22:25.151987Z",
     "start_time": "2024-08-12T12:22:25.146926Z"
    }
   },
   "outputs": [
    {
     "name": "stdout",
     "output_type": "stream",
     "text": [
      "Min eigenvalue = 0.05039147474252594\n"
     ]
    }
   ],
   "source": [
    "ref = np.infty\n",
    "for i in range(len(Y)):\n",
    "    min_eig = min(np.linalg.eigvals(Y[i].astype('float')))\n",
    "    if ref >= min_eig:\n",
    "        ref = min_eig\n",
    "\n",
    "print(\"Min eigenvalue = %s\" % ref)"
   ]
  }
 ],
 "metadata": {
  "kernelspec": {
   "display_name": "Python 3 (ipykernel)",
   "language": "python",
   "name": "python3"
  },
  "language_info": {
   "codemirror_mode": {
    "name": "ipython",
    "version": 3
   },
   "file_extension": ".py",
   "mimetype": "text/x-python",
   "name": "python",
   "nbconvert_exporter": "python",
   "pygments_lexer": "ipython3",
   "version": "3.12.2"
  }
 },
 "nbformat": 4,
 "nbformat_minor": 5
}
