{
 "cells": [
  {
   "cell_type": "code",
   "execution_count": 1,
   "id": "95bf8c20",
   "metadata": {
    "ExecuteTime": {
     "end_time": "2024-08-19T13:15:22.631667Z",
     "start_time": "2024-08-19T13:15:21.880736Z"
    }
   },
   "outputs": [],
   "source": [
    "import pickle\n",
    "import numpy as np\n",
    "import fun_dual as f\n",
    "from itertools import permutations\n",
    "from sympy import Matrix\n",
    "from IPython.display import display"
   ]
  },
  {
   "cell_type": "markdown",
   "id": "b4b72833",
   "metadata": {},
   "source": [
    "# Print solution $Y^{(a,k)}$, $C_i$ and $Q_i$ of the SDP from Eq. (150)"
   ]
  },
  {
   "cell_type": "code",
   "execution_count": 2,
   "id": "401d646d",
   "metadata": {
    "ExecuteTime": {
     "end_time": "2024-08-19T13:15:27.297423Z",
     "start_time": "2024-08-19T13:15:22.634164Z"
    }
   },
   "outputs": [
    {
     "name": "stdout",
     "output_type": "stream",
     "text": [
      "Y^(0,0)=\n"
     ]
    },
    {
     "data": {
      "text/plain": "Matrix([\n[ 203.0,            -65.0,            -54.0,  104.0,   87.0,  40.0, -208.0, -245.0,  567.0],\n[ -65.0,            103.0, 4.00000000000001,  -43.0,  -41.0,   4.0,   63.0,   99.0,  -39.0],\n[ -54.0, 4.00000000000001,             45.0,  -51.0,  -32.0,  -4.0,   58.0,   44.0, -265.0],\n[ 104.0,            -43.0,            -51.0,   90.0,   53.0,   8.0, -109.0, -109.0,  364.0],\n[  87.0,            -41.0,            -32.0,   53.0,   69.0, -15.0,  -86.0, -121.0,  137.0],\n[  40.0,              4.0,             -4.0,    8.0,  -15.0,  75.0,  -43.0,  -41.0,  198.0],\n[-208.0,             63.0,             58.0, -109.0,  -86.0, -43.0,  215.0,  244.0, -616.0],\n[-245.0,             99.0,             44.0, -109.0, -121.0, -41.0,  244.0,  342.0, -473.0],\n[ 567.0,            -39.0,           -265.0,  364.0,  137.0, 198.0, -616.0, -473.0, 2934.0]])",
      "text/latex": "$\\displaystyle \\left[\\begin{matrix}203.0 & -65.0 & -54.0 & 104.0 & 87.0 & 40.0 & -208.0 & -245.0 & 567.0\\\\-65.0 & 103.0 & 4.00000000000001 & -43.0 & -41.0 & 4.0 & 63.0 & 99.0 & -39.0\\\\-54.0 & 4.00000000000001 & 45.0 & -51.0 & -32.0 & -4.0 & 58.0 & 44.0 & -265.0\\\\104.0 & -43.0 & -51.0 & 90.0 & 53.0 & 8.0 & -109.0 & -109.0 & 364.0\\\\87.0 & -41.0 & -32.0 & 53.0 & 69.0 & -15.0 & -86.0 & -121.0 & 137.0\\\\40.0 & 4.0 & -4.0 & 8.0 & -15.0 & 75.0 & -43.0 & -41.0 & 198.0\\\\-208.0 & 63.0 & 58.0 & -109.0 & -86.0 & -43.0 & 215.0 & 244.0 & -616.0\\\\-245.0 & 99.0 & 44.0 & -109.0 & -121.0 & -41.0 & 244.0 & 342.0 & -473.0\\\\567.0 & -39.0 & -265.0 & 364.0 & 137.0 & 198.0 & -616.0 & -473.0 & 2934.0\\end{matrix}\\right]$"
     },
     "metadata": {},
     "output_type": "display_data"
    },
    {
     "name": "stdout",
     "output_type": "stream",
     "text": [
      "Y^(0,1)=\n"
     ]
    },
    {
     "data": {
      "text/plain": "Matrix([\n[2984.0, -426.0, -163.0, -254.0,  356.0, 1048.0, 1524.0],\n[-426.0,  732.0, -407.0,  -25.0,   76.0, -576.0, -888.0],\n[-163.0, -407.0,  607.0,   46.0, -190.0,   91.0,  105.0],\n[-254.0,  -25.0,   46.0,  174.0, -169.0, -239.0, -292.0],\n[ 356.0,   76.0, -190.0, -169.0,  497.0,  282.0,  239.0],\n[1048.0, -576.0,   91.0, -239.0,  282.0, 1406.0, 2364.0],\n[1524.0, -888.0,  105.0, -292.0,  239.0, 2364.0, 5048.0]])",
      "text/latex": "$\\displaystyle \\left[\\begin{matrix}2984.0 & -426.0 & -163.0 & -254.0 & 356.0 & 1048.0 & 1524.0\\\\-426.0 & 732.0 & -407.0 & -25.0 & 76.0 & -576.0 & -888.0\\\\-163.0 & -407.0 & 607.0 & 46.0 & -190.0 & 91.0 & 105.0\\\\-254.0 & -25.0 & 46.0 & 174.0 & -169.0 & -239.0 & -292.0\\\\356.0 & 76.0 & -190.0 & -169.0 & 497.0 & 282.0 & 239.0\\\\1048.0 & -576.0 & 91.0 & -239.0 & 282.0 & 1406.0 & 2364.0\\\\1524.0 & -888.0 & 105.0 & -292.0 & 239.0 & 2364.0 & 5048.0\\end{matrix}\\right]$"
     },
     "metadata": {},
     "output_type": "display_data"
    },
    {
     "name": "stdout",
     "output_type": "stream",
     "text": [
      "Y^(0,2)=\n"
     ]
    },
    {
     "data": {
      "text/plain": "Matrix([\n[ 6808.0,  1459.0,   116.0,  -28.0, -1411.0],\n[ 1459.0,  3525.0, -1235.0, -878.0,  1003.0],\n[  116.0, -1235.0,  1091.0,  380.0,  -285.0],\n[  -28.0,  -878.0,   380.0, 1121.0,   572.0],\n[-1411.0,  1003.0,  -285.0,  572.0, 13044.0]])",
      "text/latex": "$\\displaystyle \\left[\\begin{matrix}6808.0 & 1459.0 & 116.0 & -28.0 & -1411.0\\\\1459.0 & 3525.0 & -1235.0 & -878.0 & 1003.0\\\\116.0 & -1235.0 & 1091.0 & 380.0 & -285.0\\\\-28.0 & -878.0 & 380.0 & 1121.0 & 572.0\\\\-1411.0 & 1003.0 & -285.0 & 572.0 & 13044.0\\end{matrix}\\right]$"
     },
     "metadata": {},
     "output_type": "display_data"
    },
    {
     "name": "stdout",
     "output_type": "stream",
     "text": [
      "Y^(0,3)=\n"
     ]
    },
    {
     "data": {
      "text/plain": "Matrix([\n[9202.0, 2132.0, 1005.0],\n[2132.0, 8388.0,  -63.0],\n[1005.0,  -63.0, 3225.0]])",
      "text/latex": "$\\displaystyle \\left[\\begin{matrix}9202.0 & 2132.0 & 1005.0\\\\2132.0 & 8388.0 & -63.0\\\\1005.0 & -63.0 & 3225.0\\end{matrix}\\right]$"
     },
     "metadata": {},
     "output_type": "display_data"
    },
    {
     "name": "stdout",
     "output_type": "stream",
     "text": [
      "Y^(0,4)=\n"
     ]
    },
    {
     "data": {
      "text/plain": "Matrix([[4397.70903678948]])",
      "text/latex": "$\\displaystyle \\left[\\begin{matrix}4397.70903678948\\end{matrix}\\right]$"
     },
     "metadata": {},
     "output_type": "display_data"
    },
    {
     "name": "stdout",
     "output_type": "stream",
     "text": [
      "Y^(1,1)=\n"
     ]
    },
    {
     "data": {
      "text/plain": "Matrix([\n[           3801.0, -11.2878177336968, -526.0,    9.0, -287.0, -1064.0, -2390.0,  2367.0],\n[-11.2878177336968,             256.0, -173.0, -176.0,  -11.0,    85.0,   221.0,  -294.0],\n[           -526.0,            -173.0,  343.0,   46.0,   15.0,    68.0,   190.0,  -533.0],\n[              9.0,            -176.0,   46.0,  292.0,  -56.0,    21.0,   -82.0,  1173.0],\n[           -287.0,             -11.0,   15.0,  -56.0,  256.0,   146.0,   348.0,  -791.0],\n[          -1064.0,              85.0,   68.0,   21.0,  146.0,   616.0,  1293.0,  -715.0],\n[          -2390.0,             221.0,  190.0,  -82.0,  348.0,  1293.0,  2846.0, -2300.0],\n[           2367.0,            -294.0, -533.0, 1173.0, -791.0,  -715.0, -2300.0,  9186.0]])",
      "text/latex": "$\\displaystyle \\left[\\begin{matrix}3801.0 & -11.2878177336968 & -526.0 & 9.0 & -287.0 & -1064.0 & -2390.0 & 2367.0\\\\-11.2878177336968 & 256.0 & -173.0 & -176.0 & -11.0 & 85.0 & 221.0 & -294.0\\\\-526.0 & -173.0 & 343.0 & 46.0 & 15.0 & 68.0 & 190.0 & -533.0\\\\9.0 & -176.0 & 46.0 & 292.0 & -56.0 & 21.0 & -82.0 & 1173.0\\\\-287.0 & -11.0 & 15.0 & -56.0 & 256.0 & 146.0 & 348.0 & -791.0\\\\-1064.0 & 85.0 & 68.0 & 21.0 & 146.0 & 616.0 & 1293.0 & -715.0\\\\-2390.0 & 221.0 & 190.0 & -82.0 & 348.0 & 1293.0 & 2846.0 & -2300.0\\\\2367.0 & -294.0 & -533.0 & 1173.0 & -791.0 & -715.0 & -2300.0 & 9186.0\\end{matrix}\\right]$"
     },
     "metadata": {},
     "output_type": "display_data"
    },
    {
     "name": "stdout",
     "output_type": "stream",
     "text": [
      "Y^(1,2)=\n"
     ]
    },
    {
     "data": {
      "text/plain": "Matrix([\n[29824.0,  8270.0, 7252.0, 4833.0, 16020.0, 17811.0],\n[ 8270.0, 15415.0, 4106.0,  601.0,  -214.0,  3589.0],\n[ 7252.0,  4106.0, 6360.0, 1394.0,  1364.0,  4726.0],\n[ 4833.0,   601.0, 1394.0, 1307.0,  2458.0,  3038.0],\n[16020.0,  -214.0, 1364.0, 2458.0, 12542.0,  9516.0],\n[17811.0,  3589.0, 4726.0, 3038.0,  9516.0, 11940.0]])",
      "text/latex": "$\\displaystyle \\left[\\begin{matrix}29824.0 & 8270.0 & 7252.0 & 4833.0 & 16020.0 & 17811.0\\\\8270.0 & 15415.0 & 4106.0 & 601.0 & -214.0 & 3589.0\\\\7252.0 & 4106.0 & 6360.0 & 1394.0 & 1364.0 & 4726.0\\\\4833.0 & 601.0 & 1394.0 & 1307.0 & 2458.0 & 3038.0\\\\16020.0 & -214.0 & 1364.0 & 2458.0 & 12542.0 & 9516.0\\\\17811.0 & 3589.0 & 4726.0 & 3038.0 & 9516.0 & 11940.0\\end{matrix}\\right]$"
     },
     "metadata": {},
     "output_type": "display_data"
    },
    {
     "name": "stdout",
     "output_type": "stream",
     "text": [
      "Y^(1,3)=\n"
     ]
    },
    {
     "data": {
      "text/plain": "Matrix([\n[ 6767.0, -1142.0,  134.0,   2.0],\n[-1142.0, 11865.0,  428.0, 741.0],\n[  134.0,   428.0, 3902.0,  -5.0],\n[    2.0,   741.0,   -5.0,  82.0]])",
      "text/latex": "$\\displaystyle \\left[\\begin{matrix}6767.0 & -1142.0 & 134.0 & 2.0\\\\-1142.0 & 11865.0 & 428.0 & 741.0\\\\134.0 & 428.0 & 3902.0 & -5.0\\\\2.0 & 741.0 & -5.0 & 82.0\\end{matrix}\\right]$"
     },
     "metadata": {},
     "output_type": "display_data"
    },
    {
     "name": "stdout",
     "output_type": "stream",
     "text": [
      "Y^(1,4)=\n"
     ]
    },
    {
     "data": {
      "text/plain": "Matrix([\n[3793.0,  521.0],\n[ 521.0, 3504.0]])",
      "text/latex": "$\\displaystyle \\left[\\begin{matrix}3793.0 & 521.0\\\\521.0 & 3504.0\\end{matrix}\\right]$"
     },
     "metadata": {},
     "output_type": "display_data"
    },
    {
     "name": "stdout",
     "output_type": "stream",
     "text": [
      "Y^(2,2)=\n"
     ]
    },
    {
     "data": {
      "text/plain": "Matrix([\n[          13392.0,  1175.57207979821, -3027.86666666667, -2055.0, -5540.0, -7034.0,   535.0],\n[ 1175.57207979821,  1013.29318633823, -364.875255835633,  -316.0,  -542.0,  -770.0,   370.0],\n[-3027.86666666667, -364.875255835633,            1413.0,   410.0,   859.0,  1653.0, -2157.0],\n[          -2055.0,            -316.0,             410.0,   954.0,   912.0,  1020.0,    21.0],\n[          -5540.0,            -542.0,             859.0,   912.0,  2737.0,  3180.0,   733.0],\n[          -7034.0,            -770.0,            1653.0,  1020.0,  3180.0,  4509.0,  -368.0],\n[            535.0,             370.0,           -2157.0,    21.0,   733.0,  -368.0,  7924.0]])",
      "text/latex": "$\\displaystyle \\left[\\begin{matrix}13392.0 & 1175.57207979821 & -3027.86666666667 & -2055.0 & -5540.0 & -7034.0 & 535.0\\\\1175.57207979821 & 1013.29318633823 & -364.875255835633 & -316.0 & -542.0 & -770.0 & 370.0\\\\-3027.86666666667 & -364.875255835633 & 1413.0 & 410.0 & 859.0 & 1653.0 & -2157.0\\\\-2055.0 & -316.0 & 410.0 & 954.0 & 912.0 & 1020.0 & 21.0\\\\-5540.0 & -542.0 & 859.0 & 912.0 & 2737.0 & 3180.0 & 733.0\\\\-7034.0 & -770.0 & 1653.0 & 1020.0 & 3180.0 & 4509.0 & -368.0\\\\535.0 & 370.0 & -2157.0 & 21.0 & 733.0 & -368.0 & 7924.0\\end{matrix}\\right]$"
     },
     "metadata": {},
     "output_type": "display_data"
    },
    {
     "name": "stdout",
     "output_type": "stream",
     "text": [
      "Y^(2,3)=\n"
     ]
    },
    {
     "data": {
      "text/plain": "Matrix([\n[          8651.0, 5299.37029612119,  510.0,    8.0,  -769.0],\n[5299.37029612119, 15764.9539163882, 2211.0, -577.0, -1990.0],\n[           510.0,           2211.0, 2498.0, -162.0,  -599.0],\n[             8.0,           -577.0, -162.0,   71.0,    57.0],\n[          -769.0,          -1990.0, -599.0,   57.0,   690.0]])",
      "text/latex": "$\\displaystyle \\left[\\begin{matrix}8651.0 & 5299.37029612119 & 510.0 & 8.0 & -769.0\\\\5299.37029612119 & 15764.9539163882 & 2211.0 & -577.0 & -1990.0\\\\510.0 & 2211.0 & 2498.0 & -162.0 & -599.0\\\\8.0 & -577.0 & -162.0 & 71.0 & 57.0\\\\-769.0 & -1990.0 & -599.0 & 57.0 & 690.0\\end{matrix}\\right]$"
     },
     "metadata": {},
     "output_type": "display_data"
    },
    {
     "name": "stdout",
     "output_type": "stream",
     "text": [
      "Y^(2,4)=\n"
     ]
    },
    {
     "data": {
      "text/plain": "Matrix([\n[3265.19277592115,   57.0, 276.0],\n[            57.0, 1793.0, -84.0],\n[           276.0,  -84.0, 199.0]])",
      "text/latex": "$\\displaystyle \\left[\\begin{matrix}3265.19277592115 & 57.0 & 276.0\\\\57.0 & 1793.0 & -84.0\\\\276.0 & -84.0 & 199.0\\end{matrix}\\right]$"
     },
     "metadata": {},
     "output_type": "display_data"
    },
    {
     "name": "stdout",
     "output_type": "stream",
     "text": [
      "Y^(2,5)=\n"
     ]
    },
    {
     "data": {
      "text/plain": "Matrix([[3465.36640681408]])",
      "text/latex": "$\\displaystyle \\left[\\begin{matrix}3465.36640681408\\end{matrix}\\right]$"
     },
     "metadata": {},
     "output_type": "display_data"
    },
    {
     "name": "stdout",
     "output_type": "stream",
     "text": [
      "Y^(3,3)=\n"
     ]
    },
    {
     "data": {
      "text/plain": "Matrix([\n[ 4525.92491543799, -445.428202709125, -602.341178708938, -94.7264069347513,           -175.0,           -918.0],\n[-445.428202709125,  1309.53151946529, -65.0974591613193,  39.1776266221062,             72.0, 515.339611086087],\n[-602.341178708938, -65.0974591613193,  1266.33138659522,  6.44977039092803,            -51.0, 177.538668051121],\n[-94.7264069347513,  39.1776266221062,  6.44977039092803,  11.7025021435797,             -3.0, 40.3133448484412],\n[           -175.0,              72.0,             -51.0,              -3.0,            370.0, 436.710920228668],\n[           -918.0,  515.339611086087,  177.538668051121,  40.3133448484412, 436.710920228668, 4595.52907360409]])",
      "text/latex": "$\\displaystyle \\left[\\begin{matrix}4525.92491543799 & -445.428202709125 & -602.341178708938 & -94.7264069347513 & -175.0 & -918.0\\\\-445.428202709125 & 1309.53151946529 & -65.0974591613193 & 39.1776266221062 & 72.0 & 515.339611086087\\\\-602.341178708938 & -65.0974591613193 & 1266.33138659522 & 6.44977039092803 & -51.0 & 177.538668051121\\\\-94.7264069347513 & 39.1776266221062 & 6.44977039092803 & 11.7025021435797 & -3.0 & 40.3133448484412\\\\-175.0 & 72.0 & -51.0 & -3.0 & 370.0 & 436.710920228668\\\\-918.0 & 515.339611086087 & 177.538668051121 & 40.3133448484412 & 436.710920228668 & 4595.52907360409\\end{matrix}\\right]$"
     },
     "metadata": {},
     "output_type": "display_data"
    },
    {
     "name": "stdout",
     "output_type": "stream",
     "text": [
      "Y^(3,4)=\n"
     ]
    },
    {
     "data": {
      "text/plain": "Matrix([\n[ 5318.04002141087,  1736.26519135859, -94.4005627649116,  80.5288824251686],\n[ 1736.26519135859,   2194.3086019964, -203.126046340825, -622.532897269685],\n[-94.4005627649116, -203.126046340825,  62.9495596103014,  123.434083580811],\n[ 80.5288824251686, -622.532897269685,  123.434083580811,  1239.91866183191]])",
      "text/latex": "$\\displaystyle \\left[\\begin{matrix}5318.04002141087 & 1736.26519135859 & -94.4005627649116 & 80.5288824251686\\\\1736.26519135859 & 2194.3086019964 & -203.126046340825 & -622.532897269685\\\\-94.4005627649116 & -203.126046340825 & 62.9495596103014 & 123.434083580811\\\\80.5288824251686 & -622.532897269685 & 123.434083580811 & 1239.91866183191\\end{matrix}\\right]$"
     },
     "metadata": {},
     "output_type": "display_data"
    },
    {
     "name": "stdout",
     "output_type": "stream",
     "text": [
      "Y^(3,5)=\n"
     ]
    },
    {
     "data": {
      "text/plain": "Matrix([\n[  3756.822990709, 173.955868574497],\n[173.955868574497, 169.622293354356]])",
      "text/latex": "$\\displaystyle \\left[\\begin{matrix}3756.822990709 & 173.955868574497\\\\173.955868574497 & 169.622293354356\\end{matrix}\\right]$"
     },
     "metadata": {},
     "output_type": "display_data"
    },
    {
     "name": "stdout",
     "output_type": "stream",
     "text": [
      "Y^(4,4)=\n"
     ]
    },
    {
     "data": {
      "text/plain": "Matrix([\n[ 2840.01688294763, -1521.90998886152, -87.1878517280768,  397.870393079418, -696.388720983097],\n[-1521.90998886152,  1945.48802972896,   145.95180200491, -102.064693814877,  297.382868242894],\n[-87.1878517280768,   145.95180200491,  32.2894839137347,  12.5974568686128,  194.610360823065],\n[ 397.870393079418, -102.064693814877,  12.5974568686128,  140.080915167993, -148.727364624317],\n[-696.388720983097,  297.382868242894,  194.610360823065, -148.727364624317,  6511.24325014587]])",
      "text/latex": "$\\displaystyle \\left[\\begin{matrix}2840.01688294763 & -1521.90998886152 & -87.1878517280768 & 397.870393079418 & -696.388720983097\\\\-1521.90998886152 & 1945.48802972896 & 145.95180200491 & -102.064693814877 & 297.382868242894\\\\-87.1878517280768 & 145.95180200491 & 32.2894839137347 & 12.5974568686128 & 194.610360823065\\\\397.870393079418 & -102.064693814877 & 12.5974568686128 & 140.080915167993 & -148.727364624317\\\\-696.388720983097 & 297.382868242894 & 194.610360823065 & -148.727364624317 & 6511.24325014587\\end{matrix}\\right]$"
     },
     "metadata": {},
     "output_type": "display_data"
    },
    {
     "name": "stdout",
     "output_type": "stream",
     "text": [
      "Y^(4,5)=\n"
     ]
    },
    {
     "data": {
      "text/plain": "Matrix([\n[  2900.9918385562,  521.906413823037, -104.304774908057],\n[ 521.906413823037,  294.620716427562, -329.095107387041],\n[-104.304774908057, -329.095107387041,  3512.77248872799]])",
      "text/latex": "$\\displaystyle \\left[\\begin{matrix}2900.9918385562 & 521.906413823037 & -104.304774908057\\\\521.906413823037 & 294.620716427562 & -329.095107387041\\\\-104.304774908057 & -329.095107387041 & 3512.77248872799\\end{matrix}\\right]$"
     },
     "metadata": {},
     "output_type": "display_data"
    },
    {
     "name": "stdout",
     "output_type": "stream",
     "text": [
      "Y^(4,6)=\n"
     ]
    },
    {
     "data": {
      "text/plain": "Matrix([[47.5045293728008]])",
      "text/latex": "$\\displaystyle \\left[\\begin{matrix}47.5045293728008\\end{matrix}\\right]$"
     },
     "metadata": {},
     "output_type": "display_data"
    },
    {
     "name": "stdout",
     "output_type": "stream",
     "text": [
      "Y^(5,5)=\n"
     ]
    },
    {
     "data": {
      "text/plain": "Matrix([\n[ 3271.26150069508, -178.669542126227, -313.028826310514, 735.411256355374],\n[-178.669542126227,  65.3261281688741, -11.5812926278167, 268.542510822329],\n[-313.028826310514, -11.5812926278167,  536.891072898172, 22.1055791378777],\n[ 735.411256355374,  268.542510822329,  22.1055791378777, 5969.75864952009]])",
      "text/latex": "$\\displaystyle \\left[\\begin{matrix}3271.26150069508 & -178.669542126227 & -313.028826310514 & 735.411256355374\\\\-178.669542126227 & 65.3261281688741 & -11.5812926278167 & 268.542510822329\\\\-313.028826310514 & -11.5812926278167 & 536.891072898172 & 22.1055791378777\\\\735.411256355374 & 268.542510822329 & 22.1055791378777 & 5969.75864952009\\end{matrix}\\right]$"
     },
     "metadata": {},
     "output_type": "display_data"
    },
    {
     "name": "stdout",
     "output_type": "stream",
     "text": [
      "Y^(5,6)=\n"
     ]
    },
    {
     "data": {
      "text/plain": "Matrix([\n[ 327.649544934165, -16.6115339101076],\n[-16.6115339101076, 0.843235921952408]])",
      "text/latex": "$\\displaystyle \\left[\\begin{matrix}327.649544934165 & -16.6115339101076\\\\-16.6115339101076 & 0.843235921952408\\end{matrix}\\right]$"
     },
     "metadata": {},
     "output_type": "display_data"
    },
    {
     "name": "stdout",
     "output_type": "stream",
     "text": [
      "Y^(6,6)=\n"
     ]
    },
    {
     "data": {
      "text/plain": "Matrix([\n[ 217.29234500829,  28.2459479298575,  315.576854110208],\n[28.2459479298575,  368.041456022194, -474.152175694632],\n[315.576854110208, -474.152175694632,  4205.81038386396]])",
      "text/latex": "$\\displaystyle \\left[\\begin{matrix}217.29234500829 & 28.2459479298575 & 315.576854110208\\\\28.2459479298575 & 368.041456022194 & -474.152175694632\\\\315.576854110208 & -474.152175694632 & 4205.81038386396\\end{matrix}\\right]$"
     },
     "metadata": {},
     "output_type": "display_data"
    },
    {
     "name": "stdout",
     "output_type": "stream",
     "text": [
      "Y^(6,7)=\n"
     ]
    },
    {
     "data": {
      "text/plain": "Matrix([[430.045993943946]])",
      "text/latex": "$\\displaystyle \\left[\\begin{matrix}430.045993943946\\end{matrix}\\right]$"
     },
     "metadata": {},
     "output_type": "display_data"
    },
    {
     "name": "stdout",
     "output_type": "stream",
     "text": [
      "Y^(7,7)=\n"
     ]
    },
    {
     "data": {
      "text/plain": "Matrix([\n[153.796126552178, 132.594632120839],\n[132.594632120839, 5558.43621071867]])",
      "text/latex": "$\\displaystyle \\left[\\begin{matrix}153.796126552178 & 132.594632120839\\\\132.594632120839 & 5558.43621071867\\end{matrix}\\right]$"
     },
     "metadata": {},
     "output_type": "display_data"
    },
    {
     "name": "stdout",
     "output_type": "stream",
     "text": [
      "Y^(8,8)=\n"
     ]
    },
    {
     "data": {
      "text/plain": "Matrix([[2496.73843513887]])",
      "text/latex": "$\\displaystyle \\left[\\begin{matrix}2496.73843513887\\end{matrix}\\right]$"
     },
     "metadata": {},
     "output_type": "display_data"
    },
    {
     "name": "stdout",
     "output_type": "stream",
     "text": [
      "C=\n"
     ]
    },
    {
     "data": {
      "text/plain": "Matrix([\n[308.408405171903],\n[120.118227361035],\n[45.1731212572272],\n[               0],\n[               0],\n[               0],\n[               0],\n[               0],\n[               0]])",
      "text/latex": "$\\displaystyle \\left[\\begin{matrix}308.408405171903\\\\120.118227361035\\\\45.1731212572272\\\\0\\\\0\\\\0\\\\0\\\\0\\\\0\\end{matrix}\\right]$"
     },
     "metadata": {},
     "output_type": "display_data"
    },
    {
     "name": "stdout",
     "output_type": "stream",
     "text": [
      "Q=\n"
     ]
    },
    {
     "data": {
      "text/plain": "Matrix([\n[0],\n[0],\n[0],\n[0],\n[0],\n[0],\n[0],\n[0],\n[0]])",
      "text/latex": "$\\displaystyle \\left[\\begin{matrix}0\\\\0\\\\0\\\\0\\\\0\\\\0\\\\0\\\\0\\\\0\\end{matrix}\\right]$"
     },
     "metadata": {},
     "output_type": "display_data"
    }
   ],
   "source": [
    "n,K,d=8,9,3\n",
    "\n",
    "with open(\"inf_cert_8\", 'rb') as inf_cert:\n",
    "    Y,C=pickle.load(inf_cert)\n",
    "    Q=np.zeros(n+1)\n",
    "\n",
    "y=f.yijtp_fun(Y,n)\n",
    "\n",
    "f4,_=f.f4_fun(n)\n",
    "\n",
    "f2M,_=f.f2M_fun(n)\n",
    "\n",
    "D=f.D_fun(C,n,d)\n",
    "\n",
    "for a in range(n+1):\n",
    "    for k in range(a,int((n+a)/2)+1):\n",
    "        print(\"Y^(%s,%s)=\" % (a,k))\n",
    "        display(Matrix((Y[f2M[a,k]])))\n",
    "        \n",
    "print(\"C=\")\n",
    "display(Matrix(C))\n",
    "print(\"Q=\")\n",
    "display(Matrix(Q))"
   ]
  },
  {
   "cell_type": "markdown",
   "id": "2aea2d8c",
   "metadata": {},
   "source": [
    "# Objective value"
   ]
  },
  {
   "cell_type": "code",
   "execution_count": 3,
   "id": "7359c210",
   "metadata": {
    "ExecuteTime": {
     "end_time": "2024-08-19T13:15:27.304653Z",
     "start_time": "2024-08-19T13:15:27.299652Z"
    }
   },
   "outputs": [
    {
     "name": "stdout",
     "output_type": "stream",
     "text": [
      "obj_val=0.989453296541484\n"
     ]
    }
   ],
   "source": [
    "obj_val = (K*D[0]-C[0])+(2**n/K-1)*Q[0] - y[f4[0, 0, 0, 0]]\n",
    "\n",
    "print(\"obj_val=%s\" % obj_val)\n"
   ]
  },
  {
   "cell_type": "markdown",
   "id": "89d3c213",
   "metadata": {},
   "source": [
    "# Maximum violation constraints"
   ]
  },
  {
   "cell_type": "code",
   "execution_count": 4,
   "id": "b24985be",
   "metadata": {
    "ExecuteTime": {
     "end_time": "2024-08-19T13:15:27.422626Z",
     "start_time": "2024-08-19T13:15:27.306505Z"
    }
   },
   "outputs": [
    {
     "name": "stdout",
     "output_type": "stream",
     "text": [
      "Structure constraints = 8.526512829121202e-14\n",
      "Other constraints 1 = 4.263256414560601e-14\n",
      "Other constraint 2 = 1.4210854715202004e-14\n"
     ]
    }
   ],
   "source": [
    "const=[]\n",
    "\n",
    "for i, j, t, p in f4.keys():\n",
    "\n",
    "    if (t - p) % 2 == 0 and not i==0 and not j == 0 and not i == j == t == p:\n",
    "\n",
    "        zero = sum([y[f4[a, b, c, q]] + Q[a+b-c-q]\n",
    "                    for a, b, c, q in f4.keys() if t - p == c - q and (i, j, i + j - t - p) in \n",
    "                    list(permutations((a, b, a + b - c - q)))])\n",
    "\n",
    "        const.append(abs(zero))\n",
    "\n",
    "\n",
    "print(\"Structure constraints = %s\" % max(const))\n",
    "\n",
    "const=[]\n",
    "\n",
    "for i in range(1, d):\n",
    "    zero = K*D[i]-C[i] +(2**n/K-2)*Q[i]-Q[0] - y[f4[i, i, i, i]] - 2*y[f4[i, 0, 0, 0]]\n",
    "\n",
    "    const.append(abs(zero))\n",
    "\n",
    "print(\"Other constraints 1 = %s\" % max(const))\n",
    "\n",
    "const=[]\n",
    "\n",
    "for i in range(d, n+1):\n",
    "    zero = K*D[i] +(2**n/K-2)*Q[i]-Q[0] - y[f4[i, i, i, i]] - 2*y[f4[i, 0, 0, 0]]\n",
    "    const.append(abs(zero))\n",
    "        \n",
    "print(\"Other constraint 2 = %s\" % max(const))"
   ]
  },
  {
   "cell_type": "markdown",
   "id": "320fa465",
   "metadata": {},
   "source": [
    "# Minimum eigenvalue"
   ]
  },
  {
   "cell_type": "code",
   "execution_count": 5,
   "id": "dd98ff90",
   "metadata": {
    "ExecuteTime": {
     "end_time": "2024-08-19T13:15:27.431820Z",
     "start_time": "2024-08-19T13:15:27.424917Z"
    }
   },
   "outputs": [
    {
     "name": "stdout",
     "output_type": "stream",
     "text": [
      "Minimum eigenvalue = 0.0010435795312035237\n"
     ]
    }
   ],
   "source": [
    "ref = np.infty\n",
    "for i in range(len(Y)):\n",
    "    min_eig = min(np.linalg.eigvals(Y[i].astype('float')))\n",
    "    if ref >= min_eig:\n",
    "        ref = min_eig\n",
    "\n",
    "print(\"Minimum eigenvalue = %s\" % ref)"
   ]
  }
 ],
 "metadata": {
  "kernelspec": {
   "display_name": "Python 3 (ipykernel)",
   "language": "python",
   "name": "python3"
  },
  "language_info": {
   "codemirror_mode": {
    "name": "ipython",
    "version": 3
   },
   "file_extension": ".py",
   "mimetype": "text/x-python",
   "name": "python",
   "nbconvert_exporter": "python",
   "pygments_lexer": "ipython3",
   "version": "3.12.2"
  }
 },
 "nbformat": 4,
 "nbformat_minor": 5
}
